    #Time(fs)    x-MSD(A^2)    y-MSD(A^2)    z-MSD(A^2)    tot-MSD(A^2)  sqrt(MSD)(A)
   0.00000E+00   0.14868E-13   0.23394E-14   0.22533E-14  -0.21711E-14           NaN
   0.10000E+01   0.13903E-04   0.14089E-04   0.12752E-05   0.29267E-04   0.54099E-02
   0.20000E+01   0.55630E-04   0.56390E-04   0.50986E-05   0.11712E-03   0.10822E-01
   0.30000E+01   0.12519E-03   0.12694E-03   0.11463E-04   0.26360E-03   0.16236E-01
   0.40000E+01   0.22258E-03   0.22577E-03   0.20357E-04   0.46870E-03   0.21650E-01
   0.50000E+01   0.34775E-03   0.35286E-03   0.31763E-04   0.73237E-03   0.27062E-01
   0.60000E+01   0.50064E-03   0.50821E-03   0.45660E-04   0.10545E-02   0.32473E-01
   0.70000E+01   0.68118E-03   0.69176E-03   0.62020E-04   0.14350E-02   0.37881E-01
   0.80000E+01   0.88926E-03   0.90348E-03   0.80814E-04   0.18735E-02   0.43284E-01
   0.90000E+01   0.11247E-02   0.11433E-02   0.10201E-03   0.23700E-02   0.48683E-01
   0.10000E+02   0.13875E-02   0.14110E-02   0.12555E-03   0.29241E-02   0.54075E-01
   0.11000E+02   0.16773E-02   0.17067E-02   0.15142E-03   0.35354E-02   0.59460E-01
   0.12000E+02   0.19941E-02   0.20301E-02   0.17955E-03   0.42037E-02   0.64836E-01
   0.13000E+02   0.23375E-02   0.23810E-02   0.20990E-03   0.49284E-02   0.70203E-01
   0.14000E+02   0.27074E-02   0.27594E-02   0.24240E-03   0.57093E-02   0.75560E-01
   0.15000E+02   0.31036E-02   0.31651E-02   0.27701E-03   0.65456E-02   0.80905E-01
   0.16000E+02   0.35256E-02   0.35977E-02   0.31367E-03   0.74371E-02   0.86238E-01
   0.17000E+02   0.39734E-02   0.40573E-02   0.35230E-03   0.83830E-02   0.91559E-01
   0.18000E+02   0.44466E-02   0.45434E-02   0.39285E-03   0.93828E-02   0.96865E-01
   0.19000E+02   0.49448E-02   0.50559E-02   0.43524E-03   0.10436E-01   0.10216E+00
   0.20000E+02   0.54678E-02   0.55945E-02   0.47941E-03   0.11542E-01   0.10743E+00
   0.21000E+02   0.60152E-02   0.61590E-02   0.52528E-03   0.12699E-01   0.11269E+00
   0.22000E+02   0.65867E-02   0.67490E-02   0.57279E-03   0.13908E-01   0.11793E+00
   0.23000E+02   0.71819E-02   0.73643E-02   0.62186E-03   0.15168E-01   0.12316E+00
   0.24000E+02   0.78005E-02   0.80046E-02   0.67241E-03   0.16477E-01   0.12836E+00
   0.25000E+02   0.84420E-02   0.86695E-02   0.72437E-03   0.17836E-01   0.13355E+00
   0.26000E+02   0.91061E-02   0.93588E-02   0.77767E-03   0.19243E-01   0.13872E+00
   0.27000E+02   0.97924E-02   0.10072E-01   0.83222E-03   0.20697E-01   0.14386E+00
   0.28000E+02   0.10500E-01   0.10809E-01   0.88796E-03   0.22197E-01   0.14899E+00
   0.29000E+02   0.11230E-01   0.11569E-01   0.94480E-03   0.23744E-01   0.15409E+00
   0.30000E+02   0.11980E-01   0.12353E-01   0.10027E-02   0.25336E-01   0.15917E+00
   0.31000E+02   0.12751E-01   0.13158E-01   0.10615E-02   0.26971E-01   0.16423E+00
   0.32000E+02   0.13542E-01   0.13987E-01   0.11212E-02   0.28650E-01   0.16926E+00
   0.33000E+02   0.14353E-01   0.14837E-01   0.11817E-02   0.30371E-01   0.17427E+00
   0.34000E+02   0.15183E-01   0.15708E-01   0.12430E-02   0.32134E-01   0.17926E+00
   0.35000E+02   0.16032E-01   0.16601E-01   0.13049E-02   0.33938E-01   0.18422E+00
   0.36000E+02   0.16900E-01   0.17514E-01   0.13674E-02   0.35781E-01   0.18916E+00
   0.37000E+02   0.17785E-01   0.18448E-01   0.14305E-02   0.37663E-01   0.19407E+00
   0.38000E+02   0.18688E-01   0.19401E-01   0.14940E-02   0.39583E-01   0.19896E+00
   0.39000E+02   0.19608E-01   0.20375E-01   0.15579E-02   0.41540E-01   0.20381E+00
   0.40000E+02   0.20544E-01   0.21367E-01   0.16221E-02   0.43534E-01   0.20865E+00
   0.41000E+02   0.21497E-01   0.22379E-01   0.16866E-02   0.45563E-01   0.21345E+00
   0.42000E+02   0.22466E-01   0.23408E-01   0.17513E-02   0.47626E-01   0.21823E+00
   0.43000E+02   0.23450E-01   0.24456E-01   0.18161E-02   0.49723E-01   0.22299E+00
   0.44000E+02   0.24450E-01   0.25522E-01   0.18810E-02   0.51852E-01   0.22771E+00
   0.45000E+02   0.25463E-01   0.26605E-01   0.19460E-02   0.54014E-01   0.23241E+00
   0.46000E+02   0.26491E-01   0.27704E-01   0.20109E-02   0.56206E-01   0.23708E+00
   0.47000E+02   0.27533E-01   0.28820E-01   0.20757E-02   0.58429E-01   0.24172E+00
   0.48000E+02   0.28588E-01   0.29953E-01   0.21404E-02   0.60681E-01   0.24634E+00
   0.49000E+02   0.29656E-01   0.31101E-01   0.22050E-02   0.62962E-01   0.25092E+00
   0.50000E+02   0.30736E-01   0.32264E-01   0.22693E-02   0.65270E-01   0.25548E+00
   0.51000E+02   0.31829E-01   0.33443E-01   0.23333E-02   0.67605E-01   0.26001E+00
   0.52000E+02   0.32934E-01   0.34636E-01   0.23970E-02   0.69967E-01   0.26451E+00
   0.53000E+02   0.34049E-01   0.35844E-01   0.24603E-02   0.72353E-01   0.26899E+00
   0.54000E+02   0.35176E-01   0.37065E-01   0.25232E-02   0.74764E-01   0.27343E+00
   0.55000E+02   0.36314E-01   0.38300E-01   0.25857E-02   0.77199E-01   0.27785E+00
   0.56000E+02   0.37462E-01   0.39548E-01   0.26476E-02   0.79657E-01   0.28224E+00
   0.57000E+02   0.38619E-01   0.40809E-01   0.27091E-02   0.82138E-01   0.28660E+00
   0.58000E+02   0.39787E-01   0.42083E-01   0.27699E-02   0.84640E-01   0.29093E+00
   0.59000E+02   0.40963E-01   0.43369E-01   0.28302E-02   0.87162E-01   0.29523E+00
   0.60000E+02   0.42149E-01   0.44667E-01   0.28898E-02   0.89705E-01   0.29951E+00
   0.61000E+02   0.43343E-01   0.45976E-01   0.29487E-02   0.92268E-01   0.30376E+00
   0.62000E+02   0.44545E-01   0.47297E-01   0.30069E-02   0.94849E-01   0.30798E+00
   0.63000E+02   0.45756E-01   0.48628E-01   0.30644E-02   0.97448E-01   0.31217E+00
   0.64000E+02   0.46974E-01   0.49970E-01   0.31211E-02   0.10006E+00   0.31633E+00
   0.65000E+02   0.48199E-01   0.51322E-01   0.31770E-02   0.10270E+00   0.32047E+00
   0.66000E+02   0.49431E-01   0.52685E-01   0.32321E-02   0.10535E+00   0.32457E+00
   0.67000E+02   0.50670E-01   0.54056E-01   0.32863E-02   0.10801E+00   0.32865E+00
   0.68000E+02   0.51916E-01   0.55438E-01   0.33396E-02   0.11069E+00   0.33271E+00
   0.69000E+02   0.53168E-01   0.56828E-01   0.33921E-02   0.11339E+00   0.33673E+00
   0.70000E+02   0.54426E-01   0.58227E-01   0.34436E-02   0.11610E+00   0.34073E+00
   0.71000E+02   0.55689E-01   0.59635E-01   0.34941E-02   0.11882E+00   0.34470E+00
   0.72000E+02   0.56958E-01   0.61051E-01   0.35437E-02   0.12155E+00   0.34864E+00
   0.73000E+02   0.58233E-01   0.62475E-01   0.35923E-02   0.12430E+00   0.35256E+00
   0.74000E+02   0.59512E-01   0.63906E-01   0.36399E-02   0.12706E+00   0.35645E+00
   0.75000E+02   0.60796E-01   0.65345E-01   0.36865E-02   0.12983E+00   0.36032E+00
   0.76000E+02   0.62084E-01   0.66791E-01   0.37321E-02   0.13261E+00   0.36415E+00
   0.77000E+02   0.63377E-01   0.68244E-01   0.37766E-02   0.13540E+00   0.36796E+00
   0.78000E+02   0.64673E-01   0.69704E-01   0.38201E-02   0.13820E+00   0.37175E+00
   0.79000E+02   0.65974E-01   0.71170E-01   0.38624E-02   0.14101E+00   0.37551E+00
   0.80000E+02   0.67278E-01   0.72642E-01   0.39038E-02   0.14382E+00   0.37924E+00
   0.81000E+02   0.68586E-01   0.74120E-01   0.39440E-02   0.14665E+00   0.38295E+00
   0.82000E+02   0.69897E-01   0.75604E-01   0.39832E-02   0.14948E+00   0.38663E+00
   0.83000E+02   0.71211E-01   0.77093E-01   0.40212E-02   0.15232E+00   0.39029E+00
   0.84000E+02   0.72527E-01   0.78587E-01   0.40582E-02   0.15517E+00   0.39392E+00
   0.85000E+02   0.73847E-01   0.80087E-01   0.40940E-02   0.15803E+00   0.39753E+00
   0.86000E+02   0.75169E-01   0.81591E-01   0.41288E-02   0.16089E+00   0.40111E+00
   0.87000E+02   0.76494E-01   0.83100E-01   0.41625E-02   0.16376E+00   0.40467E+00
   0.88000E+02   0.77820E-01   0.84614E-01   0.41951E-02   0.16663E+00   0.40820E+00
   0.89000E+02   0.79149E-01   0.86131E-01   0.42266E-02   0.16951E+00   0.41171E+00
   0.90000E+02   0.80480E-01   0.87653E-01   0.42570E-02   0.17239E+00   0.41520E+00
   0.91000E+02   0.81813E-01   0.89179E-01   0.42864E-02   0.17528E+00   0.41866E+00
   0.92000E+02   0.83147E-01   0.90708E-01   0.43147E-02   0.17817E+00   0.42210E+00
   0.93000E+02   0.84482E-01   0.92241E-01   0.43419E-02   0.18107E+00   0.42552E+00
   0.94000E+02   0.85819E-01   0.93777E-01   0.43681E-02   0.18396E+00   0.42891E+00
   0.95000E+02   0.87157E-01   0.95316E-01   0.43933E-02   0.18687E+00   0.43228E+00
   0.96000E+02   0.88497E-01   0.96859E-01   0.44175E-02   0.18977E+00   0.43563E+00
   0.97000E+02   0.89837E-01   0.98404E-01   0.44406E-02   0.19268E+00   0.43895E+00
   0.98000E+02   0.91178E-01   0.99952E-01   0.44628E-02   0.19559E+00   0.44226E+00
   0.99000E+02   0.92520E-01   0.10150E+00   0.44841E-02   0.19851E+00   0.44554E+00
   0.10000E+03   0.93862E-01   0.10306E+00   0.45044E-02   0.20142E+00   0.44880E+00
   0.10100E+03   0.95205E-01   0.10461E+00   0.45238E-02   0.20434E+00   0.45204E+00
   0.10200E+03   0.96549E-01   0.10617E+00   0.45423E-02   0.20726E+00   0.45526E+00
   0.10300E+03   0.97892E-01   0.10773E+00   0.45600E-02   0.21018E+00   0.45845E+00
   0.10400E+03   0.99236E-01   0.10929E+00   0.45768E-02   0.21310E+00   0.46163E+00
   0.10500E+03   0.10058E+00   0.11085E+00   0.45928E-02   0.21602E+00   0.46478E+00
   0.10600E+03   0.10192E+00   0.11242E+00   0.46081E-02   0.21895E+00   0.46792E+00
   0.10700E+03   0.10327E+00   0.11398E+00   0.46226E-02   0.22187E+00   0.47103E+00
   0.10800E+03   0.10461E+00   0.11555E+00   0.46364E-02   0.22480E+00   0.47413E+00
   0.10900E+03   0.10595E+00   0.11712E+00   0.46495E-02   0.22772E+00   0.47720E+00
   0.11000E+03   0.10730E+00   0.11869E+00   0.46620E-02   0.23065E+00   0.48026E+00
   0.11100E+03   0.10864E+00   0.12026E+00   0.46739E-02   0.23357E+00   0.48329E+00
   0.11200E+03   0.10998E+00   0.12183E+00   0.46852E-02   0.23650E+00   0.48631E+00
   0.11300E+03   0.11132E+00   0.12340E+00   0.46959E-02   0.23942E+00   0.48931E+00
   0.11400E+03   0.11266E+00   0.12498E+00   0.47062E-02   0.24235E+00   0.49229E+00
   0.11500E+03   0.11401E+00   0.12655E+00   0.47160E-02   0.24527E+00   0.49525E+00
   0.11600E+03   0.11534E+00   0.12813E+00   0.47254E-02   0.24820E+00   0.49819E+00
   0.11700E+03   0.11668E+00   0.12970E+00   0.47344E-02   0.25112E+00   0.50112E+00
   0.11800E+03   0.11802E+00   0.13128E+00   0.47431E-02   0.25404E+00   0.50402E+00
   0.11900E+03   0.11936E+00   0.13285E+00   0.47514E-02   0.25696E+00   0.50691E+00
   0.12000E+03   0.12069E+00   0.13443E+00   0.47595E-02   0.25988E+00   0.50978E+00
   0.12100E+03   0.12203E+00   0.13600E+00   0.47673E-02   0.26280E+00   0.51264E+00
   0.12200E+03   0.12336E+00   0.13758E+00   0.47749E-02   0.26572E+00   0.51548E+00
   0.12300E+03   0.12469E+00   0.13916E+00   0.47824E-02   0.26863E+00   0.51830E+00
   0.12400E+03   0.12602E+00   0.14073E+00   0.47897E-02   0.27154E+00   0.52110E+00
   0.12500E+03   0.12735E+00   0.14231E+00   0.47969E-02   0.27446E+00   0.52388E+00
   0.12600E+03   0.12868E+00   0.14388E+00   0.48039E-02   0.27737E+00   0.52665E+00
   0.12700E+03   0.13000E+00   0.14546E+00   0.48110E-02   0.28027E+00   0.52941E+00
   0.12800E+03   0.13133E+00   0.14703E+00   0.48180E-02   0.28318E+00   0.53215E+00
   0.12900E+03   0.13265E+00   0.14861E+00   0.48250E-02   0.28608E+00   0.53487E+00
   0.13000E+03   0.13397E+00   0.15018E+00   0.48320E-02   0.28898E+00   0.53757E+00
   0.13100E+03   0.13529E+00   0.15175E+00   0.48391E-02   0.29188E+00   0.54026E+00
   0.13200E+03   0.13661E+00   0.15332E+00   0.48462E-02   0.29478E+00   0.54294E+00
   0.13300E+03   0.13793E+00   0.15489E+00   0.48534E-02   0.29768E+00   0.54560E+00
   0.13400E+03   0.13924E+00   0.15646E+00   0.48607E-02   0.30057E+00   0.54824E+00
   0.13500E+03   0.14056E+00   0.15803E+00   0.48681E-02   0.30346E+00   0.55087E+00
   0.13600E+03   0.14187E+00   0.15960E+00   0.48756E-02   0.30634E+00   0.55348E+00
   0.13700E+03   0.14317E+00   0.16117E+00   0.48833E-02   0.30923E+00   0.55608E+00
   0.13800E+03   0.14448E+00   0.16274E+00   0.48911E-02   0.31211E+00   0.55867E+00
   0.13900E+03   0.14579E+00   0.16430E+00   0.48990E-02   0.31499E+00   0.56124E+00
   0.14000E+03   0.14709E+00   0.16587E+00   0.49072E-02   0.31786E+00   0.56379E+00
   0.14100E+03   0.14839E+00   0.16743E+00   0.49154E-02   0.32074E+00   0.56633E+00
   0.14200E+03   0.14969E+00   0.16899E+00   0.49239E-02   0.32360E+00   0.56886E+00
   0.14300E+03   0.15098E+00   0.17056E+00   0.49326E-02   0.32647E+00   0.57138E+00
   0.14400E+03   0.15228E+00   0.17212E+00   0.49414E-02   0.32933E+00   0.57388E+00
   0.14500E+03   0.15357E+00   0.17368E+00   0.49504E-02   0.33219E+00   0.57636E+00
   0.14600E+03   0.15486E+00   0.17523E+00   0.49596E-02   0.33505E+00   0.57884E+00
   0.14700E+03   0.15614E+00   0.17679E+00   0.49689E-02   0.33790E+00   0.58130E+00
   0.14800E+03   0.15743E+00   0.17835E+00   0.49785E-02   0.34075E+00   0.58374E+00
   0.14900E+03   0.15871E+00   0.17990E+00   0.49882E-02   0.34360E+00   0.58618E+00
   0.15000E+03   0.15999E+00   0.18146E+00   0.49980E-02   0.34644E+00   0.58860E+00
   0.15100E+03   0.16126E+00   0.18301E+00   0.50081E-02   0.34928E+00   0.59100E+00
   0.15200E+03   0.16254E+00   0.18456E+00   0.50182E-02   0.35212E+00   0.59340E+00
   0.15300E+03   0.16381E+00   0.18611E+00   0.50285E-02   0.35495E+00   0.59578E+00
   0.15400E+03   0.16508E+00   0.18766E+00   0.50389E-02   0.35778E+00   0.59815E+00
   0.15500E+03   0.16635E+00   0.18921E+00   0.50495E-02   0.36061E+00   0.60051E+00
   0.15600E+03   0.16761E+00   0.19076E+00   0.50601E-02   0.36343E+00   0.60285E+00
   0.15700E+03   0.16887E+00   0.19231E+00   0.50708E-02   0.36625E+00   0.60518E+00
   0.15800E+03   0.17013E+00   0.19385E+00   0.50816E-02   0.36906E+00   0.60750E+00
   0.15900E+03   0.17138E+00   0.19540E+00   0.50924E-02   0.37187E+00   0.60981E+00
   0.16000E+03   0.17264E+00   0.19694E+00   0.51033E-02   0.37468E+00   0.61211E+00
   0.16100E+03   0.17389E+00   0.19848E+00   0.51142E-02   0.37748E+00   0.61440E+00
   0.16200E+03   0.17514E+00   0.20002E+00   0.51251E-02   0.38028E+00   0.61667E+00
   0.16300E+03   0.17638E+00   0.20156E+00   0.51359E-02   0.38307E+00   0.61893E+00
   0.16400E+03   0.17762E+00   0.20310E+00   0.51467E-02   0.38587E+00   0.62118E+00
   0.16500E+03   0.17886E+00   0.20463E+00   0.51574E-02   0.38865E+00   0.62342E+00
   0.16600E+03   0.18010E+00   0.20617E+00   0.51681E-02   0.39143E+00   0.62565E+00
   0.16700E+03   0.18133E+00   0.20770E+00   0.51786E-02   0.39421E+00   0.62786E+00
   0.16800E+03   0.18256E+00   0.20923E+00   0.51890E-02   0.39699E+00   0.63007E+00
   0.16900E+03   0.18379E+00   0.21077E+00   0.51993E-02   0.39975E+00   0.63226E+00
   0.17000E+03   0.18501E+00   0.21230E+00   0.52093E-02   0.40252E+00   0.63444E+00
   0.17100E+03   0.18624E+00   0.21382E+00   0.52192E-02   0.40528E+00   0.63662E+00
   0.17200E+03   0.18746E+00   0.21535E+00   0.52289E-02   0.40804E+00   0.63878E+00
   0.17300E+03   0.18867E+00   0.21688E+00   0.52383E-02   0.41079E+00   0.64093E+00
   0.17400E+03   0.18989E+00   0.21840E+00   0.52475E-02   0.41353E+00   0.64307E+00
   0.17500E+03   0.19110E+00   0.21992E+00   0.52564E-02   0.41627E+00   0.64519E+00
   0.17600E+03   0.19230E+00   0.22144E+00   0.52650E-02   0.41901E+00   0.64731E+00
   0.17700E+03   0.19351E+00   0.22296E+00   0.52733E-02   0.42174E+00   0.64942E+00
   0.17800E+03   0.19471E+00   0.22448E+00   0.52812E-02   0.42447E+00   0.65151E+00
   0.17900E+03   0.19591E+00   0.22599E+00   0.52888E-02   0.42719E+00   0.65360E+00
   0.18000E+03   0.19711E+00   0.22751E+00   0.52961E-02   0.42991E+00   0.65568E+00
   0.18100E+03   0.19830E+00   0.22902E+00   0.53029E-02   0.43262E+00   0.65774E+00
   0.18200E+03   0.19949E+00   0.23053E+00   0.53094E-02   0.43533E+00   0.65979E+00
   0.18300E+03   0.20068E+00   0.23204E+00   0.53155E-02   0.43803E+00   0.66184E+00
   0.18400E+03   0.20186E+00   0.23354E+00   0.53212E-02   0.44073E+00   0.66387E+00
   0.18500E+03   0.20305E+00   0.23504E+00   0.53265E-02   0.44342E+00   0.66590E+00
   0.18600E+03   0.20422E+00   0.23655E+00   0.53313E-02   0.44610E+00   0.66791E+00
   0.18700E+03   0.20540E+00   0.23804E+00   0.53357E-02   0.44878E+00   0.66991E+00
   0.18800E+03   0.20657E+00   0.23954E+00   0.53396E-02   0.45146E+00   0.67190E+00
   0.18900E+03   0.20775E+00   0.24103E+00   0.53432E-02   0.45412E+00   0.67389E+00
   0.19000E+03   0.20891E+00   0.24253E+00   0.53462E-02   0.45678E+00   0.67586E+00
   0.19100E+03   0.21008E+00   0.24401E+00   0.53489E-02   0.45944E+00   0.67782E+00
   0.19200E+03   0.21124E+00   0.24550E+00   0.53510E-02   0.46209E+00   0.67977E+00
   0.19300E+03   0.21240E+00   0.24698E+00   0.53528E-02   0.46473E+00   0.68171E+00
   0.19400E+03   0.21355E+00   0.24846E+00   0.53540E-02   0.46737E+00   0.68365E+00
   0.19500E+03   0.21471E+00   0.24994E+00   0.53548E-02   0.47000E+00   0.68557E+00
   0.19600E+03   0.21585E+00   0.25142E+00   0.53552E-02   0.47263E+00   0.68748E+00
   0.19700E+03   0.21700E+00   0.25289E+00   0.53551E-02   0.47524E+00   0.68938E+00
   0.19800E+03   0.21814E+00   0.25435E+00   0.53546E-02   0.47785E+00   0.69127E+00
   0.19900E+03   0.21928E+00   0.25582E+00   0.53536E-02   0.48045E+00   0.69315E+00
   0.20000E+03   0.22042E+00   0.25728E+00   0.53522E-02   0.48305E+00   0.69502E+00
   0.20100E+03   0.22155E+00   0.25873E+00   0.53504E-02   0.48564E+00   0.69688E+00
   0.20200E+03   0.22268E+00   0.26019E+00   0.53481E-02   0.48821E+00   0.69872E+00
   0.20300E+03   0.22380E+00   0.26164E+00   0.53454E-02   0.49078E+00   0.70056E+00
   0.20400E+03   0.22493E+00   0.26308E+00   0.53423E-02   0.49335E+00   0.70239E+00
   0.20500E+03   0.22604E+00   0.26452E+00   0.53387E-02   0.49590E+00   0.70420E+00
   0.20600E+03   0.22715E+00   0.26595E+00   0.53347E-02   0.49844E+00   0.70601E+00
   0.20700E+03   0.22826E+00   0.26738E+00   0.53304E-02   0.50098E+00   0.70780E+00
   0.20800E+03   0.22937E+00   0.26881E+00   0.53256E-02   0.50350E+00   0.70958E+00
   0.20900E+03   0.23047E+00   0.27023E+00   0.53203E-02   0.50602E+00   0.71135E+00
   0.21000E+03   0.23156E+00   0.27164E+00   0.53147E-02   0.50852E+00   0.71310E+00
   0.21100E+03   0.23265E+00   0.27305E+00   0.53087E-02   0.51101E+00   0.71485E+00
   0.21200E+03   0.23373E+00   0.27445E+00   0.53023E-02   0.51349E+00   0.71658E+00
   0.21300E+03   0.23481E+00   0.27585E+00   0.52955E-02   0.51595E+00   0.71830E+00
   0.21400E+03   0.23588E+00   0.27724E+00   0.52884E-02   0.51841E+00   0.72000E+00
   0.21500E+03   0.23695E+00   0.27862E+00   0.52808E-02   0.52084E+00   0.72170E+00
   0.21600E+03   0.23801E+00   0.27999E+00   0.52729E-02   0.52327E+00   0.72337E+00
   0.21700E+03   0.23906E+00   0.28136E+00   0.52646E-02   0.52568E+00   0.72504E+00
   0.21800E+03   0.24010E+00   0.28271E+00   0.52560E-02   0.52807E+00   0.72668E+00
   0.21900E+03   0.24114E+00   0.28406E+00   0.52470E-02   0.53045E+00   0.72832E+00
   0.22000E+03   0.24216E+00   0.28540E+00   0.52377E-02   0.53280E+00   0.72993E+00
   0.22100E+03   0.24318E+00   0.28674E+00   0.52281E-02   0.53514E+00   0.73154E+00
   0.22200E+03   0.24419E+00   0.28806E+00   0.52182E-02   0.53746E+00   0.73312E+00
   0.22300E+03   0.24519E+00   0.28937E+00   0.52079E-02   0.53976E+00   0.73469E+00
   0.22400E+03   0.24618E+00   0.29067E+00   0.51975E-02   0.54204E+00   0.73623E+00
   0.22500E+03   0.24715E+00   0.29196E+00   0.51867E-02   0.54430E+00   0.73776E+00
   0.22600E+03   0.24812E+00   0.29323E+00   0.51757E-02   0.54653E+00   0.73928E+00
   0.22700E+03   0.24907E+00   0.29450E+00   0.51645E-02   0.54874E+00   0.74077E+00
   0.22800E+03   0.25001E+00   0.29575E+00   0.51530E-02   0.55092E+00   0.74224E+00
   0.22900E+03   0.25094E+00   0.29699E+00   0.51414E-02   0.55307E+00   0.74369E+00
   0.23000E+03   0.25185E+00   0.29822E+00   0.51296E-02   0.55520E+00   0.74512E+00
   0.23100E+03   0.25275E+00   0.29943E+00   0.51176E-02   0.55730E+00   0.74652E+00
   0.23200E+03   0.25364E+00   0.30062E+00   0.51055E-02   0.55937E+00   0.74791E+00
   0.23300E+03   0.25451E+00   0.30181E+00   0.50932E-02   0.56141E+00   0.74927E+00
   0.23400E+03   0.25536E+00   0.30297E+00   0.50808E-02   0.56342E+00   0.75061E+00
   0.23500E+03   0.25620E+00   0.30412E+00   0.50684E-02   0.56539E+00   0.75193E+00
   0.23600E+03   0.25702E+00   0.30526E+00   0.50558E-02   0.56733E+00   0.75322E+00
   0.23700E+03   0.25782E+00   0.30638E+00   0.50432E-02   0.56924E+00   0.75448E+00
   0.23800E+03   0.25861E+00   0.30748E+00   0.50306E-02   0.57112E+00   0.75572E+00
   0.23900E+03   0.25938E+00   0.30856E+00   0.50180E-02   0.57296E+00   0.75694E+00
   0.24000E+03   0.26013E+00   0.30963E+00   0.50053E-02   0.57477E+00   0.75813E+00
   0.24100E+03   0.26086E+00   0.31068E+00   0.49927E-02   0.57654E+00   0.75930E+00
   0.24200E+03   0.26158E+00   0.31171E+00   0.49801E-02   0.57827E+00   0.76044E+00
   0.24300E+03   0.26228E+00   0.31272E+00   0.49676E-02   0.57997E+00   0.76156E+00
   0.24400E+03   0.26296E+00   0.31372E+00   0.49552E-02   0.58163E+00   0.76265E+00
   0.24500E+03   0.26362E+00   0.31470E+00   0.49429E-02   0.58326E+00   0.76371E+00
   0.24600E+03   0.26426E+00   0.31566E+00   0.49307E-02   0.58485E+00   0.76475E+00
   0.24700E+03   0.26489E+00   0.31660E+00   0.49187E-02   0.58640E+00   0.76577E+00
   0.24800E+03   0.26550E+00   0.31752E+00   0.49069E-02   0.58792E+00   0.76676E+00
   0.24900E+03   0.26609E+00   0.31842E+00   0.48953E-02   0.58941E+00   0.76773E+00
   0.25000E+03   0.26666E+00   0.31931E+00   0.48840E-02   0.59086E+00   0.76867E+00
   0.25100E+03   0.26722E+00   0.32018E+00   0.48729E-02   0.59228E+00   0.76959E+00
   0.25200E+03   0.26777E+00   0.32103E+00   0.48621E-02   0.59366E+00   0.77049E+00
   0.25300E+03   0.26829E+00   0.32187E+00   0.48516E-02   0.59501E+00   0.77137E+00
   0.25400E+03   0.26881E+00   0.32268E+00   0.48414E-02   0.59633E+00   0.77222E+00
   0.25500E+03   0.26931E+00   0.32348E+00   0.48315E-02   0.59762E+00   0.77306E+00
   0.25600E+03   0.26979E+00   0.32427E+00   0.48220E-02   0.59888E+00   0.77387E+00
   0.25700E+03   0.27026E+00   0.32503E+00   0.48129E-02   0.60011E+00   0.77467E+00
   0.25800E+03   0.27072E+00   0.32578E+00   0.48041E-02   0.60131E+00   0.77544E+00
   0.25900E+03   0.27117E+00   0.32652E+00   0.47957E-02   0.60248E+00   0.77620E+00
   0.26000E+03   0.27160E+00   0.32724E+00   0.47878E-02   0.60363E+00   0.77693E+00
   0.26100E+03   0.27203E+00   0.32794E+00   0.47802E-02   0.60475E+00   0.77765E+00
   0.26200E+03   0.27244E+00   0.32863E+00   0.47730E-02   0.60584E+00   0.77836E+00
   0.26300E+03   0.27285E+00   0.32930E+00   0.47663E-02   0.60691E+00   0.77905E+00
   0.26400E+03   0.27324E+00   0.32996E+00   0.47600E-02   0.60796E+00   0.77972E+00
   0.26500E+03   0.27363E+00   0.33060E+00   0.47541E-02   0.60899E+00   0.78038E+00
   0.26600E+03   0.27401E+00   0.33124E+00   0.47486E-02   0.60999E+00   0.78102E+00
   0.26700E+03   0.27438E+00   0.33185E+00   0.47436E-02   0.61098E+00   0.78165E+00
   0.26800E+03   0.27474E+00   0.33246E+00   0.47389E-02   0.61194E+00   0.78227E+00
   0.26900E+03   0.27510E+00   0.33305E+00   0.47347E-02   0.61288E+00   0.78287E+00
   0.27000E+03   0.27545E+00   0.33363E+00   0.47310E-02   0.61381E+00   0.78346E+00
   0.27100E+03   0.27579E+00   0.33420E+00   0.47276E-02   0.61472E+00   0.78404E+00
   0.27200E+03   0.27613E+00   0.33475E+00   0.47246E-02   0.61561E+00   0.78461E+00
   0.27300E+03   0.27647E+00   0.33530E+00   0.47221E-02   0.61649E+00   0.78517E+00
   0.27400E+03   0.27680E+00   0.33583E+00   0.47199E-02   0.61735E+00   0.78572E+00
   0.27500E+03   0.27713E+00   0.33635E+00   0.47182E-02   0.61820E+00   0.78626E+00
   0.27600E+03   0.27745E+00   0.33687E+00   0.47168E-02   0.61903E+00   0.78678E+00
   0.27700E+03   0.27777E+00   0.33737E+00   0.47158E-02   0.61985E+00   0.78731E+00
   0.27800E+03   0.27808E+00   0.33786E+00   0.47151E-02   0.62066E+00   0.78782E+00
   0.27900E+03   0.27839E+00   0.33834E+00   0.47148E-02   0.62145E+00   0.78832E+00
   0.28000E+03   0.27870E+00   0.33881E+00   0.47149E-02   0.62223E+00   0.78882E+00
   0.28100E+03   0.27901E+00   0.33928E+00   0.47152E-02   0.62300E+00   0.78930E+00
   0.28200E+03   0.27931E+00   0.33973E+00   0.47159E-02   0.62376E+00   0.78979E+00
   0.28300E+03   0.27962E+00   0.34018E+00   0.47169E-02   0.62451E+00   0.79026E+00
   0.28400E+03   0.27992E+00   0.34062E+00   0.47183E-02   0.62525E+00   0.79073E+00
   0.28500E+03   0.28021E+00   0.34105E+00   0.47199E-02   0.62598E+00   0.79119E+00
   0.28600E+03   0.28051E+00   0.34147E+00   0.47217E-02   0.62670E+00   0.79164E+00
   0.28700E+03   0.28081E+00   0.34188E+00   0.47239E-02   0.62741E+00   0.79209E+00
   0.28800E+03   0.28110E+00   0.34229E+00   0.47263E-02   0.62812E+00   0.79254E+00
   0.28900E+03   0.28140E+00   0.34269E+00   0.47289E-02   0.62881E+00   0.79298E+00
   0.29000E+03   0.28169E+00   0.34308E+00   0.47318E-02   0.62950E+00   0.79341E+00
   0.29100E+03   0.28198E+00   0.34346E+00   0.47348E-02   0.63018E+00   0.79384E+00
   0.29200E+03   0.28228E+00   0.34384E+00   0.47381E-02   0.63086E+00   0.79426E+00
   0.29300E+03   0.28257E+00   0.34421E+00   0.47415E-02   0.63152E+00   0.79468E+00
   0.29400E+03   0.28286E+00   0.34458E+00   0.47451E-02   0.63218E+00   0.79510E+00
   0.29500E+03   0.28315E+00   0.34494E+00   0.47488E-02   0.63284E+00   0.79551E+00
   0.29600E+03   0.28344E+00   0.34529E+00   0.47527E-02   0.63349E+00   0.79592E+00
   0.29700E+03   0.28374E+00   0.34563E+00   0.47567E-02   0.63413E+00   0.79632E+00
   0.29800E+03   0.28403E+00   0.34597E+00   0.47608E-02   0.63476E+00   0.79672E+00
   0.29900E+03   0.28432E+00   0.34631E+00   0.47650E-02   0.63539E+00   0.79712E+00
   0.30000E+03   0.28461E+00   0.34664E+00   0.47693E-02   0.63602E+00   0.79751E+00
   0.30100E+03   0.28490E+00   0.34696E+00   0.47736E-02   0.63664E+00   0.79790E+00
   0.30200E+03   0.28520E+00   0.34728E+00   0.47780E-02   0.63725E+00   0.79828E+00
   0.30300E+03   0.28549E+00   0.34759E+00   0.47824E-02   0.63786E+00   0.79866E+00
   0.30400E+03   0.28578E+00   0.34790E+00   0.47869E-02   0.63847E+00   0.79904E+00
   0.30500E+03   0.28608E+00   0.34820E+00   0.47913E-02   0.63907E+00   0.79942E+00
   0.30600E+03   0.28637E+00   0.34849E+00   0.47957E-02   0.63966E+00   0.79979E+00
   0.30700E+03   0.28666E+00   0.34879E+00   0.48001E-02   0.64025E+00   0.80016E+00
   0.30800E+03   0.28696E+00   0.34907E+00   0.48045E-02   0.64083E+00   0.80052E+00
   0.30900E+03   0.28725E+00   0.34935E+00   0.48088E-02   0.64141E+00   0.80088E+00
   0.31000E+03   0.28755E+00   0.34963E+00   0.48131E-02   0.64199E+00   0.80124E+00
   0.31100E+03   0.28784E+00   0.34990E+00   0.48172E-02   0.64256E+00   0.80160E+00
   0.31200E+03   0.28814E+00   0.35017E+00   0.48213E-02   0.64313E+00   0.80195E+00
   0.31300E+03   0.28844E+00   0.35043E+00   0.48254E-02   0.64369E+00   0.80230E+00
   0.31400E+03   0.28873E+00   0.35068E+00   0.48293E-02   0.64424E+00   0.80265E+00
   0.31500E+03   0.28903E+00   0.35093E+00   0.48331E-02   0.64479E+00   0.80299E+00
   0.31600E+03   0.28932E+00   0.35118E+00   0.48368E-02   0.64534E+00   0.80333E+00
   0.31700E+03   0.28962E+00   0.35142E+00   0.48403E-02   0.64588E+00   0.80367E+00
   0.31800E+03   0.28992E+00   0.35166E+00   0.48437E-02   0.64642E+00   0.80400E+00
   0.31900E+03   0.29021E+00   0.35189E+00   0.48470E-02   0.64695E+00   0.80433E+00
   0.32000E+03   0.29051E+00   0.35212E+00   0.48502E-02   0.64748E+00   0.80466E+00
   0.32100E+03   0.29080E+00   0.35234E+00   0.48532E-02   0.64800E+00   0.80498E+00
   0.32200E+03   0.29110E+00   0.35256E+00   0.48560E-02   0.64851E+00   0.80530E+00
   0.32300E+03   0.29139E+00   0.35277E+00   0.48587E-02   0.64902E+00   0.80562E+00
   0.32400E+03   0.29168E+00   0.35298E+00   0.48612E-02   0.64952E+00   0.80593E+00
   0.32500E+03   0.29197E+00   0.35318E+00   0.48635E-02   0.65002E+00   0.80624E+00
   0.32600E+03   0.29226E+00   0.35338E+00   0.48657E-02   0.65051E+00   0.80654E+00
   0.32700E+03   0.29255E+00   0.35358E+00   0.48677E-02   0.65100E+00   0.80684E+00
   0.32800E+03   0.29284E+00   0.35377E+00   0.48696E-02   0.65148E+00   0.80714E+00
   0.32900E+03   0.29313E+00   0.35395E+00   0.48712E-02   0.65195E+00   0.80743E+00
   0.33000E+03   0.29341E+00   0.35413E+00   0.48727E-02   0.65241E+00   0.80772E+00
   0.33100E+03   0.29370E+00   0.35430E+00   0.48740E-02   0.65287E+00   0.80801E+00
   0.33200E+03   0.29398E+00   0.35447E+00   0.48752E-02   0.65333E+00   0.80829E+00
   0.33300E+03   0.29426E+00   0.35464E+00   0.48762E-02   0.65377E+00   0.80856E+00
   0.33400E+03   0.29453E+00   0.35480E+00   0.48770E-02   0.65421E+00   0.80883E+00
   0.33500E+03   0.29481E+00   0.35495E+00   0.48776E-02   0.65464E+00   0.80910E+00
   0.33600E+03   0.29508E+00   0.35510E+00   0.48780E-02   0.65506E+00   0.80936E+00
   0.33700E+03   0.29535E+00   0.35525E+00   0.48783E-02   0.65547E+00   0.80961E+00
   0.33800E+03   0.29561E+00   0.35539E+00   0.48785E-02   0.65588E+00   0.80986E+00
   0.33900E+03   0.29588E+00   0.35552E+00   0.48784E-02   0.65628E+00   0.81011E+00
   0.34000E+03   0.29614E+00   0.35565E+00   0.48782E-02   0.65667E+00   0.81035E+00
   0.34100E+03   0.29639E+00   0.35578E+00   0.48778E-02   0.65705E+00   0.81059E+00
   0.34200E+03   0.29665E+00   0.35590E+00   0.48773E-02   0.65742E+00   0.81082E+00
   0.34300E+03   0.29690E+00   0.35601E+00   0.48766E-02   0.65779E+00   0.81104E+00
   0.34400E+03   0.29714E+00   0.35612E+00   0.48758E-02   0.65814E+00   0.81126E+00
   0.34500E+03   0.29739E+00   0.35622E+00   0.48748E-02   0.65849E+00   0.81147E+00
   0.34600E+03   0.29763E+00   0.35632E+00   0.48736E-02   0.65882E+00   0.81168E+00
   0.34700E+03   0.29786E+00   0.35642E+00   0.48723E-02   0.65915E+00   0.81188E+00
   0.34800E+03   0.29809E+00   0.35651E+00   0.48708E-02   0.65947E+00   0.81208E+00
   0.34900E+03   0.29832E+00   0.35659E+00   0.48693E-02   0.65977E+00   0.81226E+00
   0.35000E+03   0.29854E+00   0.35667E+00   0.48675E-02   0.66007E+00   0.81245E+00
   0.35100E+03   0.29875E+00   0.35674E+00   0.48656E-02   0.66036E+00   0.81262E+00
   0.35200E+03   0.29897E+00   0.35680E+00   0.48636E-02   0.66063E+00   0.81279E+00
   0.35300E+03   0.29917E+00   0.35687E+00   0.48615E-02   0.66090E+00   0.81296E+00
   0.35400E+03   0.29938E+00   0.35692E+00   0.48592E-02   0.66116E+00   0.81312E+00
   0.35500E+03   0.29957E+00   0.35697E+00   0.48568E-02   0.66140E+00   0.81327E+00
   0.35600E+03   0.29977E+00   0.35701E+00   0.48543E-02   0.66163E+00   0.81341E+00
   0.35700E+03   0.29995E+00   0.35705E+00   0.48516E-02   0.66186E+00   0.81355E+00
   0.35800E+03   0.30013E+00   0.35709E+00   0.48489E-02   0.66207E+00   0.81368E+00
   0.35900E+03   0.30031E+00   0.35711E+00   0.48460E-02   0.66227E+00   0.81380E+00
   0.36000E+03   0.30048E+00   0.35713E+00   0.48430E-02   0.66246E+00   0.81391E+00
   0.36100E+03   0.30065E+00   0.35715E+00   0.48399E-02   0.66263E+00   0.81402E+00
   0.36200E+03   0.30081E+00   0.35716E+00   0.48368E-02   0.66280E+00   0.81412E+00
   0.36300E+03   0.30096E+00   0.35716E+00   0.48335E-02   0.66295E+00   0.81422E+00
   0.36400E+03   0.30111E+00   0.35715E+00   0.48301E-02   0.66309E+00   0.81430E+00
   0.36500E+03   0.30125E+00   0.35714E+00   0.48266E-02   0.66322E+00   0.81438E+00
   0.36600E+03   0.30138E+00   0.35713E+00   0.48231E-02   0.66333E+00   0.81445E+00
   0.36700E+03   0.30151E+00   0.35710E+00   0.48195E-02   0.66344E+00   0.81452E+00
   0.36800E+03   0.30164E+00   0.35707E+00   0.48158E-02   0.66353E+00   0.81457E+00
   0.36900E+03   0.30175E+00   0.35704E+00   0.48121E-02   0.66360E+00   0.81462E+00
   0.37000E+03   0.30186E+00   0.35700E+00   0.48083E-02   0.66367E+00   0.81466E+00
   0.37100E+03   0.30197E+00   0.35695E+00   0.48044E-02   0.66372E+00   0.81469E+00
   0.37200E+03   0.30206E+00   0.35689E+00   0.48005E-02   0.66376E+00   0.81471E+00
   0.37300E+03   0.30215E+00   0.35683E+00   0.47966E-02   0.66378E+00   0.81473E+00
   0.37400E+03   0.30224E+00   0.35676E+00   0.47926E-02   0.66379E+00   0.81473E+00
   0.37500E+03   0.30232E+00   0.35668E+00   0.47886E-02   0.66379E+00   0.81473E+00
   0.37600E+03   0.30239E+00   0.35660E+00   0.47846E-02   0.66377E+00   0.81472E+00
   0.37700E+03   0.30245E+00   0.35651E+00   0.47806E-02   0.66374E+00   0.81470E+00
   0.37800E+03   0.30251E+00   0.35641E+00   0.47766E-02   0.66370E+00   0.81468E+00
   0.37900E+03   0.30256E+00   0.35631E+00   0.47726E-02   0.66364E+00   0.81464E+00
   0.38000E+03   0.30260E+00   0.35620E+00   0.47687E-02   0.66357E+00   0.81460E+00
   0.38100E+03   0.30264E+00   0.35608E+00   0.47647E-02   0.66348E+00   0.81455E+00
   0.38200E+03   0.30267E+00   0.35596E+00   0.47608E-02   0.66338E+00   0.81448E+00
   0.38300E+03   0.30269E+00   0.35583E+00   0.47569E-02   0.66327E+00   0.81441E+00
   0.38400E+03   0.30270E+00   0.35569E+00   0.47531E-02   0.66314E+00   0.81434E+00
   0.38500E+03   0.30271E+00   0.35554E+00   0.47494E-02   0.66300E+00   0.81425E+00
   0.38600E+03   0.30271E+00   0.35539E+00   0.47458E-02   0.66284E+00   0.81415E+00
   0.38700E+03   0.30270E+00   0.35523E+00   0.47422E-02   0.66267E+00   0.81405E+00
   0.38800E+03   0.30269E+00   0.35506E+00   0.47387E-02   0.66248E+00   0.81393E+00
   0.38900E+03   0.30267E+00   0.35488E+00   0.47354E-02   0.66228E+00   0.81381E+00
   0.39000E+03   0.30264E+00   0.35470E+00   0.47322E-02   0.66207E+00   0.81367E+00
   0.39100E+03   0.30260E+00   0.35451E+00   0.47291E-02   0.66184E+00   0.81353E+00
   0.39200E+03   0.30255E+00   0.35431E+00   0.47261E-02   0.66159E+00   0.81338E+00
   0.39300E+03   0.30250E+00   0.35410E+00   0.47233E-02   0.66133E+00   0.81322E+00
   0.39400E+03   0.30244E+00   0.35389E+00   0.47207E-02   0.66105E+00   0.81305E+00
   0.39500E+03   0.30238E+00   0.35367E+00   0.47182E-02   0.66076E+00   0.81287E+00
   0.39600E+03   0.30230E+00   0.35344E+00   0.47159E-02   0.66046E+00   0.81269E+00
   0.39700E+03   0.30222E+00   0.35321E+00   0.47139E-02   0.66014E+00   0.81249E+00
   0.39800E+03   0.30213E+00   0.35296E+00   0.47120E-02   0.65980E+00   0.81228E+00
   0.39900E+03   0.30203E+00   0.35271E+00   0.47103E-02   0.65945E+00   0.81207E+00
   0.40000E+03   0.30192E+00   0.35245E+00   0.47089E-02   0.65909E+00   0.81184E+00
   0.40100E+03   0.30181E+00   0.35219E+00   0.47076E-02   0.65870E+00   0.81161E+00
   0.40200E+03   0.30169E+00   0.35191E+00   0.47067E-02   0.65831E+00   0.81136E+00
   0.40300E+03   0.30156E+00   0.35163E+00   0.47059E-02   0.65790E+00   0.81111E+00
   0.40400E+03   0.30143E+00   0.35134E+00   0.47054E-02   0.65747E+00   0.81085E+00
   0.40500E+03   0.30128E+00   0.35104E+00   0.47052E-02   0.65703E+00   0.81057E+00
   0.40600E+03   0.30113E+00   0.35074E+00   0.47052E-02   0.65657E+00   0.81029E+00
   0.40700E+03   0.30097E+00   0.35042E+00   0.47055E-02   0.65610E+00   0.81000E+00
   0.40800E+03   0.30080E+00   0.35010E+00   0.47061E-02   0.65561E+00   0.80970E+00
   0.40900E+03   0.30063E+00   0.34977E+00   0.47069E-02   0.65511E+00   0.80939E+00
   0.41000E+03   0.30044E+00   0.34944E+00   0.47080E-02   0.65459E+00   0.80907E+00
   0.41100E+03   0.30025E+00   0.34909E+00   0.47094E-02   0.65405E+00   0.80874E+00
   0.41200E+03   0.30006E+00   0.34874E+00   0.47111E-02   0.65351E+00   0.80840E+00
   0.41300E+03   0.29985E+00   0.34838E+00   0.47131E-02   0.65294E+00   0.80805E+00
   0.41400E+03   0.29964E+00   0.34801E+00   0.47153E-02   0.65236E+00   0.80769E+00
   0.41500E+03   0.29942E+00   0.34763E+00   0.47178E-02   0.65177E+00   0.80732E+00
   0.41600E+03   0.29919E+00   0.34725E+00   0.47207E-02   0.65116E+00   0.80694E+00
   0.41700E+03   0.29895E+00   0.34686E+00   0.47238E-02   0.65053E+00   0.80656E+00
   0.41800E+03   0.29871E+00   0.34646E+00   0.47272E-02   0.64989E+00   0.80616E+00
   0.41900E+03   0.29846E+00   0.34605E+00   0.47308E-02   0.64924E+00   0.80575E+00
   0.42000E+03   0.29820E+00   0.34563E+00   0.47348E-02   0.64857E+00   0.80534E+00
   0.42100E+03   0.29793E+00   0.34521E+00   0.47390E-02   0.64788E+00   0.80491E+00
   0.42200E+03   0.29766E+00   0.34478E+00   0.47435E-02   0.64718E+00   0.80448E+00
   0.42300E+03   0.29738E+00   0.34434E+00   0.47483E-02   0.64647E+00   0.80403E+00
   0.42400E+03   0.29709E+00   0.34389E+00   0.47533E-02   0.64574E+00   0.80358E+00
   0.42500E+03   0.29680E+00   0.34344E+00   0.47586E-02   0.64499E+00   0.80311E+00
   0.42600E+03   0.29650E+00   0.34297E+00   0.47641E-02   0.64423E+00   0.80264E+00
   0.42700E+03   0.29619E+00   0.34250E+00   0.47699E-02   0.64346E+00   0.80216E+00
   0.42800E+03   0.29587E+00   0.34202E+00   0.47759E-02   0.64267E+00   0.80167E+00
   0.42900E+03   0.29555E+00   0.34154E+00   0.47821E-02   0.64187E+00   0.80117E+00
   0.43000E+03   0.29522E+00   0.34104E+00   0.47886E-02   0.64105E+00   0.80066E+00
   0.43100E+03   0.29488E+00   0.34054E+00   0.47953E-02   0.64022E+00   0.80014E+00
   0.43200E+03   0.29454E+00   0.34003E+00   0.48022E-02   0.63937E+00   0.79961E+00
   0.43300E+03   0.29419E+00   0.33951E+00   0.48093E-02   0.63851E+00   0.79907E+00
   0.43400E+03   0.29384E+00   0.33898E+00   0.48167E-02   0.63764E+00   0.79852E+00
   0.43500E+03   0.29347E+00   0.33845E+00   0.48242E-02   0.63675E+00   0.79796E+00
   0.43600E+03   0.29311E+00   0.33791E+00   0.48319E-02   0.63585E+00   0.79740E+00
   0.43700E+03   0.29273E+00   0.33736E+00   0.48397E-02   0.63493E+00   0.79682E+00
   0.43800E+03   0.29235E+00   0.33680E+00   0.48478E-02   0.63400E+00   0.79624E+00
   0.43900E+03   0.29196E+00   0.33623E+00   0.48560E-02   0.63305E+00   0.79565E+00
   0.44000E+03   0.29157E+00   0.33566E+00   0.48643E-02   0.63209E+00   0.79504E+00
   0.44100E+03   0.29117E+00   0.33508E+00   0.48728E-02   0.63112E+00   0.79443E+00
   0.44200E+03   0.29077E+00   0.33449E+00   0.48815E-02   0.63014E+00   0.79381E+00
   0.44300E+03   0.29036E+00   0.33389E+00   0.48902E-02   0.62914E+00   0.79318E+00
   0.44400E+03   0.28994E+00   0.33328E+00   0.48991E-02   0.62813E+00   0.79254E+00
   0.44500E+03   0.28952E+00   0.33267E+00   0.49081E-02   0.62710E+00   0.79190E+00
   0.44600E+03   0.28909E+00   0.33205E+00   0.49173E-02   0.62606E+00   0.79124E+00
   0.44700E+03   0.28866E+00   0.33142E+00   0.49265E-02   0.62501E+00   0.79058E+00
   0.44800E+03   0.28822E+00   0.33079E+00   0.49358E-02   0.62394E+00   0.78990E+00
   0.44900E+03   0.28778E+00   0.33014E+00   0.49452E-02   0.62287E+00   0.78922E+00
   0.45000E+03   0.28733E+00   0.32949E+00   0.49546E-02   0.62178E+00   0.78853E+00
   0.45100E+03   0.28688E+00   0.32883E+00   0.49641E-02   0.62067E+00   0.78783E+00
   0.45200E+03   0.28642E+00   0.32816E+00   0.49737E-02   0.61956E+00   0.78712E+00
   0.45300E+03   0.28596E+00   0.32749E+00   0.49834E-02   0.61843E+00   0.78640E+00
   0.45400E+03   0.28549E+00   0.32680E+00   0.49931E-02   0.61728E+00   0.78567E+00
   0.45500E+03   0.28501E+00   0.32611E+00   0.50028E-02   0.61613E+00   0.78494E+00
   0.45600E+03   0.28454E+00   0.32541E+00   0.50126E-02   0.61496E+00   0.78420E+00
   0.45700E+03   0.28405E+00   0.32471E+00   0.50224E-02   0.61378E+00   0.78344E+00
   0.45800E+03   0.28356E+00   0.32399E+00   0.50322E-02   0.61259E+00   0.78268E+00
   0.45900E+03   0.28307E+00   0.32327E+00   0.50420E-02   0.61139E+00   0.78191E+00
   0.46000E+03   0.28258E+00   0.32254E+00   0.50518E-02   0.61017E+00   0.78114E+00
   0.46100E+03   0.28207E+00   0.32181E+00   0.50616E-02   0.60894E+00   0.78035E+00
   0.46200E+03   0.28157E+00   0.32106E+00   0.50715E-02   0.60770E+00   0.77955E+00
   0.46300E+03   0.28106E+00   0.32031E+00   0.50813E-02   0.60645E+00   0.77875E+00
   0.46400E+03   0.28054E+00   0.31956E+00   0.50911E-02   0.60519E+00   0.77794E+00
   0.46500E+03   0.28002E+00   0.31879E+00   0.51008E-02   0.60391E+00   0.77712E+00
   0.46600E+03   0.27950E+00   0.31802E+00   0.51106E-02   0.60263E+00   0.77629E+00
   0.46700E+03   0.27897E+00   0.31724E+00   0.51203E-02   0.60133E+00   0.77545E+00
   0.46800E+03   0.27844E+00   0.31645E+00   0.51300E-02   0.60002E+00   0.77461E+00
   0.46900E+03   0.27791E+00   0.31565E+00   0.51396E-02   0.59870E+00   0.77376E+00
   0.47000E+03   0.27737E+00   0.31485E+00   0.51492E-02   0.59737E+00   0.77290E+00
   0.47100E+03   0.27683E+00   0.31404E+00   0.51587E-02   0.59602E+00   0.77203E+00
   0.47200E+03   0.27628E+00   0.31322E+00   0.51683E-02   0.59467E+00   0.77115E+00
   0.47300E+03   0.27573E+00   0.31240E+00   0.51777E-02   0.59330E+00   0.77026E+00
   0.47400E+03   0.27517E+00   0.31157E+00   0.51871E-02   0.59193E+00   0.76937E+00
   0.47500E+03   0.27462E+00   0.31073E+00   0.51965E-02   0.59054E+00   0.76847E+00
   0.47600E+03   0.27405E+00   0.30988E+00   0.52058E-02   0.58914E+00   0.76756E+00
   0.47700E+03   0.27349E+00   0.30903E+00   0.52150E-02   0.58774E+00   0.76664E+00
   0.47800E+03   0.27292E+00   0.30817E+00   0.52242E-02   0.58632E+00   0.76571E+00
   0.47900E+03   0.27235E+00   0.30731E+00   0.52333E-02   0.58489E+00   0.76478E+00
   0.48000E+03   0.27177E+00   0.30643E+00   0.52424E-02   0.58345E+00   0.76384E+00
   0.48100E+03   0.27119E+00   0.30555E+00   0.52514E-02   0.58200E+00   0.76289E+00
   0.48200E+03   0.27061E+00   0.30467E+00   0.52604E-02   0.58054E+00   0.76193E+00
   0.48300E+03   0.27003E+00   0.30378E+00   0.52693E-02   0.57907E+00   0.76097E+00
   0.48400E+03   0.26944E+00   0.30288E+00   0.52782E-02   0.57759E+00   0.75999E+00
   0.48500E+03   0.26885E+00   0.30197E+00   0.52871E-02   0.57610E+00   0.75902E+00
   0.48600E+03   0.26825E+00   0.30106E+00   0.52958E-02   0.57461E+00   0.75803E+00
   0.48700E+03   0.26765E+00   0.30014E+00   0.53046E-02   0.57310E+00   0.75703E+00
   0.48800E+03   0.26705E+00   0.29921E+00   0.53133E-02   0.57158E+00   0.75603E+00
   0.48900E+03   0.26645E+00   0.29828E+00   0.53220E-02   0.57006E+00   0.75502E+00
   0.49000E+03   0.26585E+00   0.29734E+00   0.53307E-02   0.56852E+00   0.75400E+00
   0.49100E+03   0.26524E+00   0.29640E+00   0.53394E-02   0.56698E+00   0.75298E+00
   0.49200E+03   0.26463E+00   0.29545E+00   0.53480E-02   0.56543E+00   0.75195E+00
   0.49300E+03   0.26401E+00   0.29449E+00   0.53567E-02   0.56386E+00   0.75091E+00
   0.49400E+03   0.26340E+00   0.29353E+00   0.53653E-02   0.56229E+00   0.74986E+00
   0.49500E+03   0.26278E+00   0.29256E+00   0.53739E-02   0.56072E+00   0.74881E+00
   0.49600E+03   0.26216E+00   0.29159E+00   0.53826E-02   0.55913E+00   0.74775E+00
   0.49700E+03   0.26153E+00   0.29061E+00   0.53912E-02   0.55754E+00   0.74668E+00
   0.49800E+03   0.26091E+00   0.28962E+00   0.53999E-02   0.55593E+00   0.74561E+00
   0.49900E+03   0.26028E+00   0.28863E+00   0.54086E-02   0.55432E+00   0.74453E+00
   0.50000E+03   0.25965E+00   0.28764E+00   0.54173E-02   0.55271E+00   0.74344E+00
   0.50100E+03   0.25902E+00   0.28664E+00   0.54260E-02   0.55108E+00   0.74235E+00
   0.50200E+03   0.25838E+00   0.28563E+00   0.54348E-02   0.54945E+00   0.74125E+00
   0.50300E+03   0.25775E+00   0.28461E+00   0.54436E-02   0.54781E+00   0.74014E+00
   0.50400E+03   0.25711E+00   0.28360E+00   0.54525E-02   0.54616E+00   0.73903E+00
   0.50500E+03   0.25647E+00   0.28257E+00   0.54614E-02   0.54450E+00   0.73790E+00
   0.50600E+03   0.25582E+00   0.28155E+00   0.54704E-02   0.54284E+00   0.73678E+00
   0.50700E+03   0.25518E+00   0.28051E+00   0.54794E-02   0.54117E+00   0.73564E+00
   0.50800E+03   0.25453E+00   0.27947E+00   0.54884E-02   0.53950E+00   0.73450E+00
   0.50900E+03   0.25388E+00   0.27843E+00   0.54975E-02   0.53781E+00   0.73336E+00
   0.51000E+03   0.25323E+00   0.27738E+00   0.55067E-02   0.53612E+00   0.73220E+00
   0.51100E+03   0.25258E+00   0.27633E+00   0.55159E-02   0.53443E+00   0.73104E+00
   0.51200E+03   0.25192E+00   0.27527E+00   0.55252E-02   0.53272E+00   0.72988E+00
   0.51300E+03   0.25127E+00   0.27421E+00   0.55346E-02   0.53101E+00   0.72871E+00
   0.51400E+03   0.25061E+00   0.27315E+00   0.55440E-02   0.52930E+00   0.72753E+00
   0.51500E+03   0.24995E+00   0.27208E+00   0.55535E-02   0.52757E+00   0.72634E+00
   0.51600E+03   0.24928E+00   0.27100E+00   0.55630E-02   0.52585E+00   0.72515E+00
   0.51700E+03   0.24862E+00   0.26992E+00   0.55726E-02   0.52411E+00   0.72396E+00
   0.51800E+03   0.24795E+00   0.26884E+00   0.55823E-02   0.52237E+00   0.72275E+00
   0.51900E+03   0.24728E+00   0.26775E+00   0.55920E-02   0.52062E+00   0.72154E+00
   0.52000E+03   0.24661E+00   0.26666E+00   0.56018E-02   0.51887E+00   0.72033E+00
   0.52100E+03   0.24593E+00   0.26557E+00   0.56116E-02   0.51711E+00   0.71910E+00
   0.52200E+03   0.24526E+00   0.26447E+00   0.56215E-02   0.51534E+00   0.71787E+00
   0.52300E+03   0.24458E+00   0.26336E+00   0.56314E-02   0.51357E+00   0.71664E+00
   0.52400E+03   0.24390E+00   0.26226E+00   0.56414E-02   0.51179E+00   0.71540E+00
   0.52500E+03   0.24321E+00   0.26115E+00   0.56514E-02   0.51001E+00   0.71415E+00
   0.52600E+03   0.24253E+00   0.26003E+00   0.56614E-02   0.50822E+00   0.71290E+00
   0.52700E+03   0.24184E+00   0.25892E+00   0.56715E-02   0.50643E+00   0.71164E+00
   0.52800E+03   0.24115E+00   0.25780E+00   0.56816E-02   0.50462E+00   0.71037E+00
   0.52900E+03   0.24045E+00   0.25667E+00   0.56917E-02   0.50282E+00   0.70910E+00
   0.53000E+03   0.23976E+00   0.25554E+00   0.57018E-02   0.50100E+00   0.70782E+00
   0.53100E+03   0.23906E+00   0.25441E+00   0.57119E-02   0.49918E+00   0.70653E+00
   0.53200E+03   0.23836E+00   0.25328E+00   0.57221E-02   0.49736E+00   0.70524E+00
   0.53300E+03   0.23765E+00   0.25214E+00   0.57322E-02   0.49553E+00   0.70394E+00
   0.53400E+03   0.23694E+00   0.25100E+00   0.57423E-02   0.49369E+00   0.70263E+00
   0.53500E+03   0.23623E+00   0.24986E+00   0.57524E-02   0.49185E+00   0.70132E+00
   0.53600E+03   0.23552E+00   0.24871E+00   0.57625E-02   0.49000E+00   0.70000E+00
   0.53700E+03   0.23480E+00   0.24756E+00   0.57726E-02   0.48814E+00   0.69867E+00
   0.53800E+03   0.23408E+00   0.24641E+00   0.57826E-02   0.48628E+00   0.69734E+00
   0.53900E+03   0.23336E+00   0.24526E+00   0.57926E-02   0.48441E+00   0.69600E+00
   0.54000E+03   0.23263E+00   0.24410E+00   0.58025E-02   0.48254E+00   0.69465E+00
   0.54100E+03   0.23191E+00   0.24294E+00   0.58124E-02   0.48066E+00   0.69329E+00
   0.54200E+03   0.23117E+00   0.24178E+00   0.58223E-02   0.47877E+00   0.69193E+00
   0.54300E+03   0.23044E+00   0.24061E+00   0.58320E-02   0.47688E+00   0.69056E+00
   0.54400E+03   0.22970E+00   0.23944E+00   0.58417E-02   0.47498E+00   0.68919E+00
   0.54500E+03   0.22895E+00   0.23827E+00   0.58513E-02   0.47307E+00   0.68780E+00
   0.54600E+03   0.22821E+00   0.23710E+00   0.58608E-02   0.47116E+00   0.68641E+00
   0.54700E+03   0.22745E+00   0.23592E+00   0.58702E-02   0.46925E+00   0.68501E+00
   0.54800E+03   0.22670E+00   0.23474E+00   0.58796E-02   0.46732E+00   0.68361E+00
   0.54900E+03   0.22594E+00   0.23356E+00   0.58887E-02   0.46539E+00   0.68220E+00
   0.55000E+03   0.22518E+00   0.23238E+00   0.58978E-02   0.46345E+00   0.68077E+00
   0.55100E+03   0.22441E+00   0.23119E+00   0.59067E-02   0.46151E+00   0.67934E+00
   0.55200E+03   0.22364E+00   0.23000E+00   0.59155E-02   0.45956E+00   0.67791E+00
   0.55300E+03   0.22286E+00   0.22881E+00   0.59241E-02   0.45760E+00   0.67646E+00
   0.55400E+03   0.22208E+00   0.22762E+00   0.59325E-02   0.45563E+00   0.67501E+00
   0.55500E+03   0.22129E+00   0.22643E+00   0.59407E-02   0.45366E+00   0.67354E+00
   0.55600E+03   0.22050E+00   0.22523E+00   0.59488E-02   0.45168E+00   0.67207E+00
   0.55700E+03   0.21971E+00   0.22403E+00   0.59566E-02   0.44970E+00   0.67059E+00
   0.55800E+03   0.21891E+00   0.22283E+00   0.59643E-02   0.44770E+00   0.66911E+00
   0.55900E+03   0.21810E+00   0.22162E+00   0.59716E-02   0.44570E+00   0.66761E+00
   0.56000E+03   0.21729E+00   0.22042E+00   0.59788E-02   0.44369E+00   0.66610E+00
   0.56100E+03   0.21648E+00   0.21921E+00   0.59856E-02   0.44167E+00   0.66459E+00
   0.56200E+03   0.21566E+00   0.21800E+00   0.59922E-02   0.43965E+00   0.66306E+00
   0.56300E+03   0.21483E+00   0.21679E+00   0.59985E-02   0.43762E+00   0.66153E+00
   0.56400E+03   0.21400E+00   0.21557E+00   0.60045E-02   0.43558E+00   0.65998E+00
   0.56500E+03   0.21316E+00   0.21436E+00   0.60102E-02   0.43353E+00   0.65843E+00
   0.56600E+03   0.21232E+00   0.21314E+00   0.60155E-02   0.43147E+00   0.65686E+00
   0.56700E+03   0.21147E+00   0.21191E+00   0.60204E-02   0.42940E+00   0.65529E+00
   0.56800E+03   0.21061E+00   0.21069E+00   0.60250E-02   0.42733E+00   0.65370E+00
   0.56900E+03   0.20975E+00   0.20947E+00   0.60292E-02   0.42525E+00   0.65211E+00
   0.57000E+03   0.20888E+00   0.20824E+00   0.60330E-02   0.42315E+00   0.65050E+00
   0.57100E+03   0.20801E+00   0.20701E+00   0.60364E-02   0.42105E+00   0.64889E+00
   0.57200E+03   0.20713E+00   0.20578E+00   0.60393E-02   0.41894E+00   0.64726E+00
   0.57300E+03   0.20624E+00   0.20454E+00   0.60418E-02   0.41682E+00   0.64562E+00
   0.57400E+03   0.20534E+00   0.20330E+00   0.60438E-02   0.41469E+00   0.64397E+00
   0.57500E+03   0.20444E+00   0.20207E+00   0.60454E-02   0.41255E+00   0.64230E+00
   0.57600E+03   0.20353E+00   0.20083E+00   0.60464E-02   0.41040E+00   0.64063E+00
   0.57700E+03   0.20261E+00   0.19958E+00   0.60470E-02   0.40824E+00   0.63894E+00
   0.57800E+03   0.20169E+00   0.19834E+00   0.60470E-02   0.40607E+00   0.63724E+00
   0.57900E+03   0.20076E+00   0.19709E+00   0.60465E-02   0.40390E+00   0.63553E+00
   0.58000E+03   0.19982E+00   0.19584E+00   0.60455E-02   0.40170E+00   0.63380E+00
   0.58100E+03   0.19887E+00   0.19459E+00   0.60439E-02   0.39950E+00   0.63206E+00
   0.58200E+03   0.19791E+00   0.19334E+00   0.60418E-02   0.39729E+00   0.63031E+00
   0.58300E+03   0.19695E+00   0.19208E+00   0.60391E-02   0.39507E+00   0.62855E+00
   0.58400E+03   0.19597E+00   0.19083E+00   0.60359E-02   0.39284E+00   0.62677E+00
   0.58500E+03   0.19499E+00   0.18957E+00   0.60320E-02   0.39059E+00   0.62497E+00
   0.58600E+03   0.19400E+00   0.18831E+00   0.60277E-02   0.38834E+00   0.62317E+00
   0.58700E+03   0.19300E+00   0.18705E+00   0.60227E-02   0.38607E+00   0.62134E+00
   0.58800E+03   0.19199E+00   0.18578E+00   0.60172E-02   0.38379E+00   0.61951E+00
   0.58900E+03   0.19097E+00   0.18452E+00   0.60111E-02   0.38150E+00   0.61766E+00
   0.59000E+03   0.18994E+00   0.18325E+00   0.60045E-02   0.37920E+00   0.61579E+00
   0.59100E+03   0.18890E+00   0.18198E+00   0.59973E-02   0.37688E+00   0.61391E+00
   0.59200E+03   0.18786E+00   0.18071E+00   0.59896E-02   0.37455E+00   0.61201E+00
   0.59300E+03   0.18680E+00   0.17944E+00   0.59813E-02   0.37221E+00   0.61009E+00
   0.59400E+03   0.18573E+00   0.17816E+00   0.59725E-02   0.36986E+00   0.60816E+00
   0.59500E+03   0.18465E+00   0.17689E+00   0.59632E-02   0.36750E+00   0.60622E+00
   0.59600E+03   0.18356E+00   0.17561E+00   0.59534E-02   0.36512E+00   0.60425E+00
   0.59700E+03   0.18246E+00   0.17433E+00   0.59430E-02   0.36273E+00   0.60227E+00
   0.59800E+03   0.18135E+00   0.17305E+00   0.59322E-02   0.36033E+00   0.60027E+00
   0.59900E+03   0.18022E+00   0.17177E+00   0.59209E-02   0.35791E+00   0.59826E+00
   0.60000E+03   0.17909E+00   0.17049E+00   0.59092E-02   0.35549E+00   0.59623E+00
   0.60100E+03   0.17795E+00   0.16920E+00   0.58970E-02   0.35304E+00   0.59417E+00
   0.60200E+03   0.17679E+00   0.16791E+00   0.58844E-02   0.35059E+00   0.59210E+00
   0.60300E+03   0.17562E+00   0.16663E+00   0.58714E-02   0.34812E+00   0.59002E+00
   0.60400E+03   0.17444E+00   0.16534E+00   0.58580E-02   0.34564E+00   0.58791E+00
   0.60500E+03   0.17325E+00   0.16405E+00   0.58443E-02   0.34314E+00   0.58578E+00
   0.60600E+03   0.17205E+00   0.16276E+00   0.58302E-02   0.34063E+00   0.58364E+00
   0.60700E+03   0.17083E+00   0.16146E+00   0.58157E-02   0.33811E+00   0.58147E+00
   0.60800E+03   0.16960E+00   0.16017E+00   0.58010E-02   0.33557E+00   0.57929E+00
   0.60900E+03   0.16836E+00   0.15888E+00   0.57860E-02   0.33303E+00   0.57708E+00
   0.61000E+03   0.16711E+00   0.15758E+00   0.57706E-02   0.33046E+00   0.57486E+00
   0.61100E+03   0.16585E+00   0.15629E+00   0.57551E-02   0.32789E+00   0.57261E+00
   0.61200E+03   0.16457E+00   0.15499E+00   0.57393E-02   0.32530E+00   0.57035E+00
   0.61300E+03   0.16328E+00   0.15369E+00   0.57232E-02   0.32270E+00   0.56806E+00
   0.61400E+03   0.16198E+00   0.15239E+00   0.57070E-02   0.32008E+00   0.56576E+00
   0.61500E+03   0.16067E+00   0.15109E+00   0.56906E-02   0.31745E+00   0.56343E+00
   0.61600E+03   0.15935E+00   0.14979E+00   0.56739E-02   0.31481E+00   0.56108E+00
   0.61700E+03   0.15801E+00   0.14849E+00   0.56572E-02   0.31216E+00   0.55871E+00
   0.61800E+03   0.15666E+00   0.14719E+00   0.56402E-02   0.30950E+00   0.55632E+00
   0.61900E+03   0.15530E+00   0.14589E+00   0.56232E-02   0.30682E+00   0.55391E+00
   0.62000E+03   0.15393E+00   0.14459E+00   0.56060E-02   0.30413E+00   0.55148E+00
   0.62100E+03   0.15255E+00   0.14330E+00   0.55887E-02   0.30144E+00   0.54903E+00
   0.62200E+03   0.15116E+00   0.14200E+00   0.55713E-02   0.29873E+00   0.54656E+00
   0.62300E+03   0.14975E+00   0.14070E+00   0.55538E-02   0.29601E+00   0.54406E+00
   0.62400E+03   0.14834E+00   0.13940E+00   0.55362E-02   0.29328E+00   0.54155E+00
   0.62500E+03   0.14691E+00   0.13810E+00   0.55186E-02   0.29054E+00   0.53901E+00
   0.62600E+03   0.14548E+00   0.13681E+00   0.55009E-02   0.28779E+00   0.53646E+00
   0.62700E+03   0.14403E+00   0.13552E+00   0.54831E-02   0.28503E+00   0.53388E+00
   0.62800E+03   0.14257E+00   0.13422E+00   0.54653E-02   0.28226E+00   0.53129E+00
   0.62900E+03   0.14111E+00   0.13293E+00   0.54475E-02   0.27949E+00   0.52867E+00
   0.63000E+03   0.13963E+00   0.13165E+00   0.54296E-02   0.27671E+00   0.52603E+00
   0.63100E+03   0.13815E+00   0.13036E+00   0.54117E-02   0.27392E+00   0.52338E+00
   0.63200E+03   0.13666E+00   0.12908E+00   0.53937E-02   0.27113E+00   0.52070E+00
   0.63300E+03   0.13515E+00   0.12780E+00   0.53757E-02   0.26833E+00   0.51801E+00
   0.63400E+03   0.13364E+00   0.12653E+00   0.53577E-02   0.26553E+00   0.51529E+00
   0.63500E+03   0.13213E+00   0.12525E+00   0.53397E-02   0.26272E+00   0.51256E+00
   0.63600E+03   0.13060E+00   0.12399E+00   0.53216E-02   0.25991E+00   0.50981E+00
   0.63700E+03   0.12907E+00   0.12272E+00   0.53036E-02   0.25710E+00   0.50705E+00
   0.63800E+03   0.12753E+00   0.12147E+00   0.52855E-02   0.25428E+00   0.50427E+00
   0.63900E+03   0.12599E+00   0.12021E+00   0.52673E-02   0.25147E+00   0.50147E+00
   0.64000E+03   0.12444E+00   0.11897E+00   0.52492E-02   0.24865E+00   0.49865E+00
   0.64100E+03   0.12288E+00   0.11773E+00   0.52310E-02   0.24584E+00   0.49582E+00
   0.64200E+03   0.12132E+00   0.11649E+00   0.52128E-02   0.24303E+00   0.49298E+00
   0.64300E+03   0.11976E+00   0.11527E+00   0.51945E-02   0.24022E+00   0.49012E+00
   0.64400E+03   0.11819E+00   0.11405E+00   0.51762E-02   0.23742E+00   0.48725E+00
   0.64500E+03   0.11662E+00   0.11284E+00   0.51578E-02   0.23462E+00   0.48437E+00
   0.64600E+03   0.11505E+00   0.11164E+00   0.51394E-02   0.23183E+00   0.48148E+00
   0.64700E+03   0.11348E+00   0.11044E+00   0.51208E-02   0.22904E+00   0.47858E+00
   0.64800E+03   0.11190E+00   0.10926E+00   0.51022E-02   0.22627E+00   0.47568E+00
   0.64900E+03   0.11033E+00   0.10809E+00   0.50835E-02   0.22351E+00   0.47276E+00
   0.65000E+03   0.10876E+00   0.10693E+00   0.50647E-02   0.22076E+00   0.46985E+00
   0.65100E+03   0.10719E+00   0.10579E+00   0.50457E-02   0.21802E+00   0.46692E+00
   0.65200E+03   0.10562E+00   0.10465E+00   0.50266E-02   0.21530E+00   0.46400E+00
   0.65300E+03   0.10405E+00   0.10353E+00   0.50073E-02   0.21259E+00   0.46108E+00
   0.65400E+03   0.10249E+00   0.10243E+00   0.49879E-02   0.20991E+00   0.45816E+00
   0.65500E+03   0.10094E+00   0.10134E+00   0.49683E-02   0.20724E+00   0.45524E+00
   0.65600E+03   0.99390E-01   0.10026E+00   0.49484E-02   0.20460E+00   0.45233E+00
   0.65700E+03   0.97851E-01   0.99203E-01   0.49284E-02   0.20198E+00   0.44942E+00
   0.65800E+03   0.96321E-01   0.98162E-01   0.49082E-02   0.19939E+00   0.44653E+00
   0.65900E+03   0.94802E-01   0.97140E-01   0.48878E-02   0.19683E+00   0.44365E+00
   0.66000E+03   0.93295E-01   0.96136E-01   0.48671E-02   0.19430E+00   0.44079E+00
   0.66100E+03   0.91801E-01   0.95153E-01   0.48461E-02   0.19180E+00   0.43795E+00
   0.66200E+03   0.90323E-01   0.94189E-01   0.48250E-02   0.18934E+00   0.43513E+00
   0.66300E+03   0.88861E-01   0.93247E-01   0.48036E-02   0.18691E+00   0.43233E+00
   0.66400E+03   0.87417E-01   0.92328E-01   0.47819E-02   0.18453E+00   0.42957E+00
   0.66500E+03   0.85992E-01   0.91431E-01   0.47600E-02   0.18218E+00   0.42683E+00
   0.66600E+03   0.84589E-01   0.90557E-01   0.47379E-02   0.17988E+00   0.42413E+00
   0.66700E+03   0.83208E-01   0.89708E-01   0.47155E-02   0.17763E+00   0.42146E+00
   0.66800E+03   0.81852E-01   0.88884E-01   0.46929E-02   0.17543E+00   0.41884E+00
   0.66900E+03   0.80521E-01   0.88086E-01   0.46701E-02   0.17328E+00   0.41627E+00
   0.67000E+03   0.79218E-01   0.87314E-01   0.46471E-02   0.17118E+00   0.41374E+00
   0.67100E+03   0.77943E-01   0.86568E-01   0.46239E-02   0.16914E+00   0.41126E+00
   0.67200E+03   0.76699E-01   0.85850E-01   0.46006E-02   0.16715E+00   0.40884E+00
   0.67300E+03   0.75485E-01   0.85160E-01   0.45772E-02   0.16522E+00   0.40648E+00
   0.67400E+03   0.74304E-01   0.84498E-01   0.45536E-02   0.16336E+00   0.40417E+00
   0.67500E+03   0.73157E-01   0.83865E-01   0.45300E-02   0.16155E+00   0.40194E+00
   0.67600E+03   0.72044E-01   0.83261E-01   0.45063E-02   0.15981E+00   0.39976E+00
   0.67700E+03   0.70966E-01   0.82686E-01   0.44826E-02   0.15813E+00   0.39766E+00
   0.67800E+03   0.69925E-01   0.82140E-01   0.44589E-02   0.15652E+00   0.39563E+00
   0.67900E+03   0.68920E-01   0.81623E-01   0.44352E-02   0.15498E+00   0.39367E+00
   0.68000E+03   0.67951E-01   0.81136E-01   0.44116E-02   0.15350E+00   0.39179E+00
   0.68100E+03   0.67020E-01   0.80678E-01   0.43881E-02   0.15209E+00   0.38998E+00
   0.68200E+03   0.66127E-01   0.80248E-01   0.43647E-02   0.15074E+00   0.38825E+00
   0.68300E+03   0.65270E-01   0.79847E-01   0.43413E-02   0.14946E+00   0.38660E+00
   0.68400E+03   0.64451E-01   0.79474E-01   0.43182E-02   0.14824E+00   0.38502E+00
   0.68500E+03   0.63668E-01   0.79129E-01   0.42952E-02   0.14709E+00   0.38353E+00
   0.68600E+03   0.62921E-01   0.78811E-01   0.42723E-02   0.14600E+00   0.38211E+00
   0.68700E+03   0.62210E-01   0.78519E-01   0.42497E-02   0.14498E+00   0.38076E+00
   0.68800E+03   0.61533E-01   0.78253E-01   0.42272E-02   0.14401E+00   0.37949E+00
   0.68900E+03   0.60890E-01   0.78011E-01   0.42049E-02   0.14311E+00   0.37829E+00
   0.69000E+03   0.60281E-01   0.77794E-01   0.41829E-02   0.14226E+00   0.37717E+00
   0.69100E+03   0.59703E-01   0.77599E-01   0.41611E-02   0.14146E+00   0.37612E+00
   0.69200E+03   0.59156E-01   0.77426E-01   0.41395E-02   0.14072E+00   0.37513E+00
   0.69300E+03   0.58638E-01   0.77273E-01   0.41182E-02   0.14003E+00   0.37421E+00
   0.69400E+03   0.58149E-01   0.77141E-01   0.40971E-02   0.13939E+00   0.37335E+00
   0.69500E+03   0.57687E-01   0.77027E-01   0.40763E-02   0.13879E+00   0.37255E+00
   0.69600E+03   0.57251E-01   0.76931E-01   0.40558E-02   0.13824E+00   0.37180E+00
   0.69700E+03   0.56839E-01   0.76852E-01   0.40356E-02   0.13773E+00   0.37112E+00
   0.69800E+03   0.56451E-01   0.76788E-01   0.40156E-02   0.13725E+00   0.37048E+00
   0.69900E+03   0.56084E-01   0.76739E-01   0.39959E-02   0.13682E+00   0.36989E+00
   0.70000E+03   0.55739E-01   0.76704E-01   0.39766E-02   0.13642E+00   0.36935E+00
   0.70100E+03   0.55412E-01   0.76681E-01   0.39575E-02   0.13605E+00   0.36885E+00
   0.70200E+03   0.55104E-01   0.76671E-01   0.39388E-02   0.13571E+00   0.36839E+00
   0.70300E+03   0.54813E-01   0.76672E-01   0.39204E-02   0.13541E+00   0.36797E+00
   0.70400E+03   0.54538E-01   0.76683E-01   0.39023E-02   0.13512E+00   0.36759E+00
   0.70500E+03   0.54279E-01   0.76705E-01   0.38846E-02   0.13487E+00   0.36724E+00
   0.70600E+03   0.54033E-01   0.76735E-01   0.38672E-02   0.13464E+00   0.36693E+00
   0.70700E+03   0.53800E-01   0.76774E-01   0.38501E-02   0.13442E+00   0.36664E+00
   0.70800E+03   0.53580E-01   0.76821E-01   0.38334E-02   0.13423E+00   0.36638E+00
   0.70900E+03   0.53370E-01   0.76875E-01   0.38171E-02   0.13406E+00   0.36614E+00
   0.71000E+03   0.53171E-01   0.76935E-01   0.38010E-02   0.13391E+00   0.36593E+00
   0.71100E+03   0.52982E-01   0.77002E-01   0.37853E-02   0.13377E+00   0.36574E+00
   0.71200E+03   0.52802E-01   0.77073E-01   0.37699E-02   0.13365E+00   0.36558E+00
   0.71300E+03   0.52631E-01   0.77150E-01   0.37549E-02   0.13354E+00   0.36543E+00
   0.71400E+03   0.52467E-01   0.77231E-01   0.37402E-02   0.13344E+00   0.36529E+00
   0.71500E+03   0.52310E-01   0.77315E-01   0.37259E-02   0.13335E+00   0.36517E+00
   0.71600E+03   0.52160E-01   0.77402E-01   0.37118E-02   0.13327E+00   0.36507E+00
   0.71700E+03   0.52016E-01   0.77492E-01   0.36982E-02   0.13321E+00   0.36497E+00
   0.71800E+03   0.51878E-01   0.77585E-01   0.36848E-02   0.13315E+00   0.36489E+00
   0.71900E+03   0.51744E-01   0.77678E-01   0.36719E-02   0.13309E+00   0.36482E+00
   0.72000E+03   0.51616E-01   0.77773E-01   0.36593E-02   0.13305E+00   0.36476E+00
   0.72100E+03   0.51492E-01   0.77869E-01   0.36471E-02   0.13301E+00   0.36470E+00
   0.72200E+03   0.51372E-01   0.77965E-01   0.36353E-02   0.13297E+00   0.36465E+00
   0.72300E+03   0.51257E-01   0.78062E-01   0.36238E-02   0.13294E+00   0.36461E+00
   0.72400E+03   0.51144E-01   0.78158E-01   0.36129E-02   0.13291E+00   0.36457E+00
   0.72500E+03   0.51035E-01   0.78253E-01   0.36023E-02   0.13289E+00   0.36454E+00
   0.72600E+03   0.50929E-01   0.78348E-01   0.35923E-02   0.13287E+00   0.36451E+00
   0.72700E+03   0.50826E-01   0.78441E-01   0.35827E-02   0.13285E+00   0.36448E+00
   0.72800E+03   0.50725E-01   0.78533E-01   0.35736E-02   0.13283E+00   0.36446E+00
   0.72900E+03   0.50627E-01   0.78623E-01   0.35651E-02   0.13282E+00   0.36444E+00
   0.73000E+03   0.50531E-01   0.78712E-01   0.35572E-02   0.13280E+00   0.36442E+00
   0.73100E+03   0.50437E-01   0.78798E-01   0.35498E-02   0.13279E+00   0.36440E+00
   0.73200E+03   0.50346E-01   0.78882E-01   0.35430E-02   0.13277E+00   0.36438E+00
   0.73300E+03   0.50256E-01   0.78964E-01   0.35369E-02   0.13276E+00   0.36436E+00
   0.73400E+03   0.50168E-01   0.79044E-01   0.35314E-02   0.13274E+00   0.36434E+00
   0.73500E+03   0.50083E-01   0.79120E-01   0.35266E-02   0.13273E+00   0.36432E+00
   0.73600E+03   0.49998E-01   0.79194E-01   0.35225E-02   0.13272E+00   0.36430E+00
   0.73700E+03   0.49916E-01   0.79265E-01   0.35191E-02   0.13270E+00   0.36428E+00
   0.73800E+03   0.49835E-01   0.79333E-01   0.35164E-02   0.13268E+00   0.36426E+00
   0.73900E+03   0.49756E-01   0.79398E-01   0.35145E-02   0.13267E+00   0.36424E+00
   0.74000E+03   0.49678E-01   0.79460E-01   0.35133E-02   0.13265E+00   0.36421E+00
   0.74100E+03   0.49601E-01   0.79518E-01   0.35129E-02   0.13263E+00   0.36419E+00
   0.74200E+03   0.49527E-01   0.79573E-01   0.35132E-02   0.13261E+00   0.36416E+00
   0.74300E+03   0.49453E-01   0.79625E-01   0.35143E-02   0.13259E+00   0.36413E+00
   0.74400E+03   0.49381E-01   0.79674E-01   0.35162E-02   0.13257E+00   0.36410E+00
   0.74500E+03   0.49310E-01   0.79719E-01   0.35188E-02   0.13255E+00   0.36407E+00
   0.74600E+03   0.49241E-01   0.79760E-01   0.35222E-02   0.13252E+00   0.36404E+00
   0.74700E+03   0.49173E-01   0.79798E-01   0.35263E-02   0.13250E+00   0.36400E+00
   0.74800E+03   0.49106E-01   0.79833E-01   0.35311E-02   0.13247E+00   0.36396E+00
   0.74900E+03   0.49040E-01   0.79864E-01   0.35366E-02   0.13244E+00   0.36392E+00
   0.75000E+03   0.48976E-01   0.79892E-01   0.35428E-02   0.13241E+00   0.36388E+00
   0.75100E+03   0.48913E-01   0.79916E-01   0.35496E-02   0.13238E+00   0.36384E+00
   0.75200E+03   0.48851E-01   0.79937E-01   0.35571E-02   0.13234E+00   0.36379E+00
   0.75300E+03   0.48790E-01   0.79954E-01   0.35652E-02   0.13231E+00   0.36374E+00
   0.75400E+03   0.48730E-01   0.79968E-01   0.35738E-02   0.13227E+00   0.36369E+00
   0.75500E+03   0.48672E-01   0.79978E-01   0.35830E-02   0.13223E+00   0.36364E+00
   0.75600E+03   0.48615E-01   0.79986E-01   0.35927E-02   0.13219E+00   0.36358E+00
   0.75700E+03   0.48558E-01   0.79990E-01   0.36028E-02   0.13215E+00   0.36353E+00
   0.75800E+03   0.48503E-01   0.79991E-01   0.36133E-02   0.13211E+00   0.36347E+00
   0.75900E+03   0.48449E-01   0.79988E-01   0.36241E-02   0.13206E+00   0.36340E+00
   0.76000E+03   0.48396E-01   0.79983E-01   0.36353E-02   0.13201E+00   0.36334E+00
   0.76100E+03   0.48344E-01   0.79974E-01   0.36468E-02   0.13196E+00   0.36327E+00
   0.76200E+03   0.48293E-01   0.79963E-01   0.36584E-02   0.13191E+00   0.36320E+00
   0.76300E+03   0.48243E-01   0.79948E-01   0.36702E-02   0.13186E+00   0.36313E+00
   0.76400E+03   0.48193E-01   0.79931E-01   0.36821E-02   0.13181E+00   0.36305E+00
   0.76500E+03   0.48145E-01   0.79911E-01   0.36941E-02   0.13175E+00   0.36297E+00
   0.76600E+03   0.48097E-01   0.79889E-01   0.37061E-02   0.13169E+00   0.36289E+00
   0.76700E+03   0.48050E-01   0.79864E-01   0.37180E-02   0.13163E+00   0.36281E+00
   0.76800E+03   0.48004E-01   0.79836E-01   0.37299E-02   0.13157E+00   0.36273E+00
   0.76900E+03   0.47959E-01   0.79807E-01   0.37415E-02   0.13151E+00   0.36264E+00
   0.77000E+03   0.47914E-01   0.79775E-01   0.37530E-02   0.13144E+00   0.36255E+00
   0.77100E+03   0.47870E-01   0.79741E-01   0.37642E-02   0.13138E+00   0.36246E+00
   0.77200E+03   0.47826E-01   0.79705E-01   0.37751E-02   0.13131E+00   0.36236E+00
   0.77300E+03   0.47783E-01   0.79668E-01   0.37856E-02   0.13124E+00   0.36227E+00
   0.77400E+03   0.47740E-01   0.79629E-01   0.37957E-02   0.13116E+00   0.36217E+00
   0.77500E+03   0.47697E-01   0.79588E-01   0.38054E-02   0.13109E+00   0.36206E+00
   0.77600E+03   0.47655E-01   0.79546E-01   0.38145E-02   0.13102E+00   0.36196E+00
   0.77700E+03   0.47613E-01   0.79502E-01   0.38231E-02   0.13094E+00   0.36185E+00
   0.77800E+03   0.47571E-01   0.79458E-01   0.38310E-02   0.13086E+00   0.36175E+00
   0.77900E+03   0.47529E-01   0.79412E-01   0.38384E-02   0.13078E+00   0.36163E+00
   0.78000E+03   0.47486E-01   0.79366E-01   0.38450E-02   0.13070E+00   0.36152E+00
   0.78100E+03   0.47444E-01   0.79318E-01   0.38509E-02   0.13061E+00   0.36140E+00
   0.78200E+03   0.47401E-01   0.79270E-01   0.38561E-02   0.13053E+00   0.36129E+00
   0.78300E+03   0.47358E-01   0.79222E-01   0.38604E-02   0.13044E+00   0.36117E+00
   0.78400E+03   0.47315E-01   0.79173E-01   0.38640E-02   0.13035E+00   0.36104E+00
   0.78500E+03   0.47271E-01   0.79123E-01   0.38667E-02   0.13026E+00   0.36092E+00
   0.78600E+03   0.47226E-01   0.79074E-01   0.38686E-02   0.13017E+00   0.36079E+00
   0.78700E+03   0.47180E-01   0.79024E-01   0.38696E-02   0.13007E+00   0.36066E+00
   0.78800E+03   0.47133E-01   0.78974E-01   0.38698E-02   0.12998E+00   0.36052E+00
   0.78900E+03   0.47086E-01   0.78924E-01   0.38690E-02   0.12988E+00   0.36039E+00
   0.79000E+03   0.47037E-01   0.78875E-01   0.38674E-02   0.12978E+00   0.36025E+00
   0.79100E+03   0.46987E-01   0.78825E-01   0.38648E-02   0.12968E+00   0.36011E+00
   0.79200E+03   0.46936E-01   0.78776E-01   0.38614E-02   0.12957E+00   0.35996E+00
   0.79300E+03   0.46883E-01   0.78727E-01   0.38572E-02   0.12947E+00   0.35982E+00
   0.79400E+03   0.46829E-01   0.78679E-01   0.38521E-02   0.12936E+00   0.35967E+00
   0.79500E+03   0.46773E-01   0.78631E-01   0.38462E-02   0.12925E+00   0.35951E+00
   0.79600E+03   0.46715E-01   0.78584E-01   0.38395E-02   0.12914E+00   0.35936E+00
   0.79700E+03   0.46656E-01   0.78537E-01   0.38321E-02   0.12903E+00   0.35920E+00
   0.79800E+03   0.46595E-01   0.78491E-01   0.38240E-02   0.12891E+00   0.35904E+00
   0.79900E+03   0.46532E-01   0.78446E-01   0.38153E-02   0.12879E+00   0.35888E+00
   0.80000E+03   0.46467E-01   0.78401E-01   0.38060E-02   0.12867E+00   0.35871E+00
   0.80100E+03   0.46400E-01   0.78358E-01   0.37962E-02   0.12855E+00   0.35854E+00
   0.80200E+03   0.46331E-01   0.78315E-01   0.37860E-02   0.12843E+00   0.35837E+00
   0.80300E+03   0.46259E-01   0.78273E-01   0.37754E-02   0.12831E+00   0.35820E+00
   0.80400E+03   0.46185E-01   0.78232E-01   0.37645E-02   0.12818E+00   0.35802E+00
   0.80500E+03   0.46109E-01   0.78192E-01   0.37534E-02   0.12805E+00   0.35785E+00
   0.80600E+03   0.46030E-01   0.78153E-01   0.37422E-02   0.12793E+00   0.35767E+00
   0.80700E+03   0.45949E-01   0.78115E-01   0.37310E-02   0.12780E+00   0.35749E+00
   0.80800E+03   0.45865E-01   0.78079E-01   0.37200E-02   0.12766E+00   0.35730E+00
   0.80900E+03   0.45779E-01   0.78043E-01   0.37091E-02   0.12753E+00   0.35712E+00
   0.81000E+03   0.45690E-01   0.78009E-01   0.36985E-02   0.12740E+00   0.35693E+00
   0.81100E+03   0.45598E-01   0.77976E-01   0.36882E-02   0.12726E+00   0.35674E+00
   0.81200E+03   0.45503E-01   0.77945E-01   0.36784E-02   0.12713E+00   0.35655E+00
   0.81300E+03   0.45406E-01   0.77914E-01   0.36692E-02   0.12699E+00   0.35636E+00
   0.81400E+03   0.45305E-01   0.77886E-01   0.36606E-02   0.12685E+00   0.35616E+00
   0.81500E+03   0.45202E-01   0.77858E-01   0.36527E-02   0.12671E+00   0.35597E+00
   0.81600E+03   0.45095E-01   0.77832E-01   0.36456E-02   0.12657E+00   0.35577E+00
   0.81700E+03   0.44986E-01   0.77808E-01   0.36393E-02   0.12643E+00   0.35557E+00
   0.81800E+03   0.44874E-01   0.77785E-01   0.36338E-02   0.12629E+00   0.35538E+00
   0.81900E+03   0.44758E-01   0.77764E-01   0.36293E-02   0.12615E+00   0.35518E+00
   0.82000E+03   0.44640E-01   0.77744E-01   0.36257E-02   0.12601E+00   0.35498E+00
   0.82100E+03   0.44519E-01   0.77726E-01   0.36230E-02   0.12587E+00   0.35478E+00
   0.82200E+03   0.44394E-01   0.77710E-01   0.36213E-02   0.12573E+00   0.35458E+00
   0.82300E+03   0.44267E-01   0.77695E-01   0.36206E-02   0.12558E+00   0.35438E+00
   0.82400E+03   0.44136E-01   0.77682E-01   0.36208E-02   0.12544E+00   0.35417E+00
   0.82500E+03   0.44002E-01   0.77671E-01   0.36219E-02   0.12530E+00   0.35397E+00
   0.82600E+03   0.43866E-01   0.77662E-01   0.36240E-02   0.12515E+00   0.35377E+00
   0.82700E+03   0.43726E-01   0.77654E-01   0.36269E-02   0.12501E+00   0.35356E+00
   0.82800E+03   0.43584E-01   0.77648E-01   0.36307E-02   0.12486E+00   0.35336E+00
   0.82900E+03   0.43439E-01   0.77643E-01   0.36352E-02   0.12472E+00   0.35315E+00
   0.83000E+03   0.43291E-01   0.77640E-01   0.36406E-02   0.12457E+00   0.35295E+00
   0.83100E+03   0.43140E-01   0.77639E-01   0.36466E-02   0.12443E+00   0.35274E+00
   0.83200E+03   0.42986E-01   0.77639E-01   0.36533E-02   0.12428E+00   0.35253E+00
   0.83300E+03   0.42830E-01   0.77641E-01   0.36605E-02   0.12413E+00   0.35232E+00
   0.83400E+03   0.42671E-01   0.77644E-01   0.36683E-02   0.12398E+00   0.35211E+00
   0.83500E+03   0.42510E-01   0.77649E-01   0.36764E-02   0.12384E+00   0.35190E+00
   0.83600E+03   0.42347E-01   0.77656E-01   0.36850E-02   0.12369E+00   0.35169E+00
   0.83700E+03   0.42181E-01   0.77663E-01   0.36938E-02   0.12354E+00   0.35148E+00
   0.83800E+03   0.42014E-01   0.77673E-01   0.37028E-02   0.12339E+00   0.35127E+00
   0.83900E+03   0.41844E-01   0.77683E-01   0.37119E-02   0.12324E+00   0.35105E+00
   0.84000E+03   0.41672E-01   0.77696E-01   0.37211E-02   0.12309E+00   0.35084E+00
   0.84100E+03   0.41499E-01   0.77709E-01   0.37303E-02   0.12294E+00   0.35063E+00
   0.84200E+03   0.41324E-01   0.77724E-01   0.37393E-02   0.12279E+00   0.35041E+00
   0.84300E+03   0.41147E-01   0.77740E-01   0.37482E-02   0.12264E+00   0.35019E+00
   0.84400E+03   0.40970E-01   0.77758E-01   0.37568E-02   0.12248E+00   0.34998E+00
   0.84500E+03   0.40791E-01   0.77777E-01   0.37651E-02   0.12233E+00   0.34976E+00
   0.84600E+03   0.40611E-01   0.77798E-01   0.37731E-02   0.12218E+00   0.34955E+00
   0.84700E+03   0.40430E-01   0.77820E-01   0.37806E-02   0.12203E+00   0.34933E+00
   0.84800E+03   0.40249E-01   0.77844E-01   0.37876E-02   0.12188E+00   0.34911E+00
   0.84900E+03   0.40067E-01   0.77869E-01   0.37941E-02   0.12173E+00   0.34890E+00
   0.85000E+03   0.39886E-01   0.77896E-01   0.38000E-02   0.12158E+00   0.34869E+00
   0.85100E+03   0.39704E-01   0.77925E-01   0.38053E-02   0.12143E+00   0.34847E+00
   0.85200E+03   0.39522E-01   0.77956E-01   0.38099E-02   0.12129E+00   0.34826E+00
   0.85300E+03   0.39341E-01   0.77989E-01   0.38139E-02   0.12114E+00   0.34806E+00
   0.85400E+03   0.39160E-01   0.78024E-01   0.38171E-02   0.12100E+00   0.34785E+00
   0.85500E+03   0.38980E-01   0.78062E-01   0.38196E-02   0.12086E+00   0.34765E+00
   0.85600E+03   0.38802E-01   0.78102E-01   0.38213E-02   0.12073E+00   0.34746E+00
   0.85700E+03   0.38625E-01   0.78145E-01   0.38223E-02   0.12059E+00   0.34726E+00
   0.85800E+03   0.38449E-01   0.78190E-01   0.38225E-02   0.12046E+00   0.34708E+00
   0.85900E+03   0.38275E-01   0.78239E-01   0.38219E-02   0.12034E+00   0.34690E+00
   0.86000E+03   0.38104E-01   0.78291E-01   0.38206E-02   0.12022E+00   0.34672E+00
   0.86100E+03   0.37934E-01   0.78347E-01   0.38184E-02   0.12010E+00   0.34655E+00
   0.86200E+03   0.37768E-01   0.78407E-01   0.38155E-02   0.11999E+00   0.34640E+00
   0.86300E+03   0.37605E-01   0.78470E-01   0.38119E-02   0.11989E+00   0.34625E+00
   0.86400E+03   0.37444E-01   0.78538E-01   0.38075E-02   0.11979E+00   0.34611E+00
   0.86500E+03   0.37288E-01   0.78610E-01   0.38023E-02   0.11970E+00   0.34598E+00
   0.86600E+03   0.37135E-01   0.78686E-01   0.37965E-02   0.11962E+00   0.34586E+00
   0.86700E+03   0.36986E-01   0.78768E-01   0.37900E-02   0.11954E+00   0.34575E+00
   0.86800E+03   0.36841E-01   0.78855E-01   0.37829E-02   0.11948E+00   0.34566E+00
   0.86900E+03   0.36701E-01   0.78946E-01   0.37752E-02   0.11942E+00   0.34558E+00
   0.87000E+03   0.36566E-01   0.79044E-01   0.37669E-02   0.11938E+00   0.34551E+00
   0.87100E+03   0.36437E-01   0.79146E-01   0.37581E-02   0.11934E+00   0.34546E+00
   0.87200E+03   0.36312E-01   0.79255E-01   0.37488E-02   0.11932E+00   0.34542E+00
   0.87300E+03   0.36193E-01   0.79369E-01   0.37391E-02   0.11930E+00   0.34540E+00
   0.87400E+03   0.36080E-01   0.79488E-01   0.37290E-02   0.11930E+00   0.34539E+00
   0.87500E+03   0.35973E-01   0.79614E-01   0.37185E-02   0.11930E+00   0.34541E+00
   0.87600E+03   0.35872E-01   0.79745E-01   0.37077E-02   0.11932E+00   0.34543E+00
   0.87700E+03   0.35777E-01   0.79882E-01   0.36966E-02   0.11936E+00   0.34548E+00
   0.87800E+03   0.35689E-01   0.80024E-01   0.36854E-02   0.11940E+00   0.34554E+00
   0.87900E+03   0.35607E-01   0.80173E-01   0.36739E-02   0.11945E+00   0.34562E+00
   0.88000E+03   0.35532E-01   0.80326E-01   0.36623E-02   0.11952E+00   0.34572E+00
   0.88100E+03   0.35464E-01   0.80485E-01   0.36506E-02   0.11960E+00   0.34583E+00
   0.88200E+03   0.35403E-01   0.80649E-01   0.36388E-02   0.11969E+00   0.34596E+00
   0.88300E+03   0.35349E-01   0.80818E-01   0.36269E-02   0.11979E+00   0.34611E+00
   0.88400E+03   0.35301E-01   0.80991E-01   0.36150E-02   0.11991E+00   0.34628E+00
   0.88500E+03   0.35261E-01   0.81168E-01   0.36031E-02   0.12003E+00   0.34646E+00
   0.88600E+03   0.35228E-01   0.81350E-01   0.35912E-02   0.12017E+00   0.34665E+00
   0.88700E+03   0.35202E-01   0.81535E-01   0.35793E-02   0.12032E+00   0.34687E+00
   0.88800E+03   0.35183E-01   0.81723E-01   0.35674E-02   0.12047E+00   0.34709E+00
   0.88900E+03   0.35170E-01   0.81915E-01   0.35555E-02   0.12064E+00   0.34733E+00
   0.89000E+03   0.35165E-01   0.82108E-01   0.35437E-02   0.12082E+00   0.34759E+00
   0.89100E+03   0.35166E-01   0.82304E-01   0.35319E-02   0.12100E+00   0.34785E+00
   0.89200E+03   0.35174E-01   0.82502E-01   0.35201E-02   0.12120E+00   0.34813E+00
   0.89300E+03   0.35189E-01   0.82700E-01   0.35084E-02   0.12140E+00   0.34842E+00
   0.89400E+03   0.35210E-01   0.82900E-01   0.34967E-02   0.12161E+00   0.34872E+00
   0.89500E+03   0.35237E-01   0.83099E-01   0.34850E-02   0.12182E+00   0.34903E+00
   0.89600E+03   0.35270E-01   0.83298E-01   0.34733E-02   0.12204E+00   0.34934E+00
   0.89700E+03   0.35309E-01   0.83497E-01   0.34615E-02   0.12227E+00   0.34967E+00
   0.89800E+03   0.35354E-01   0.83694E-01   0.34498E-02   0.12250E+00   0.35000E+00
   0.89900E+03   0.35405E-01   0.83889E-01   0.34381E-02   0.12273E+00   0.35033E+00
   0.90000E+03   0.35461E-01   0.84082E-01   0.34264E-02   0.12297E+00   0.35067E+00
   0.90100E+03   0.35522E-01   0.84273E-01   0.34146E-02   0.12321E+00   0.35101E+00
   0.90200E+03   0.35588E-01   0.84460E-01   0.34028E-02   0.12345E+00   0.35136E+00
   0.90300E+03   0.35660E-01   0.84644E-01   0.33910E-02   0.12369E+00   0.35170E+00
   0.90400E+03   0.35736E-01   0.84824E-01   0.33793E-02   0.12394E+00   0.35205E+00
   0.90500E+03   0.35816E-01   0.84999E-01   0.33675E-02   0.12418E+00   0.35240E+00
   0.90600E+03   0.35901E-01   0.85170E-01   0.33558E-02   0.12443E+00   0.35274E+00
   0.90700E+03   0.35991E-01   0.85335E-01   0.33442E-02   0.12467E+00   0.35309E+00
   0.90800E+03   0.36084E-01   0.85495E-01   0.33326E-02   0.12491E+00   0.35343E+00
   0.90900E+03   0.36181E-01   0.85650E-01   0.33212E-02   0.12515E+00   0.35377E+00
   0.91000E+03   0.36282E-01   0.85798E-01   0.33098E-02   0.12539E+00   0.35410E+00
   0.91100E+03   0.36386E-01   0.85940E-01   0.32985E-02   0.12562E+00   0.35444E+00
   0.91200E+03   0.36493E-01   0.86076E-01   0.32874E-02   0.12586E+00   0.35476E+00
   0.91300E+03   0.36603E-01   0.86205E-01   0.32765E-02   0.12608E+00   0.35508E+00
   0.91400E+03   0.36716E-01   0.86327E-01   0.32658E-02   0.12631E+00   0.35540E+00
   0.91500E+03   0.36832E-01   0.86443E-01   0.32553E-02   0.12653E+00   0.35571E+00
   0.91600E+03   0.36949E-01   0.86552E-01   0.32451E-02   0.12675E+00   0.35602E+00
   0.91700E+03   0.37069E-01   0.86655E-01   0.32352E-02   0.12696E+00   0.35631E+00
   0.91800E+03   0.37190E-01   0.86750E-01   0.32256E-02   0.12717E+00   0.35660E+00
   0.91900E+03   0.37313E-01   0.86839E-01   0.32163E-02   0.12737E+00   0.35689E+00
   0.92000E+03   0.37437E-01   0.86922E-01   0.32074E-02   0.12757E+00   0.35716E+00
