    #Time(fs)    x-MSD(A^2)    y-MSD(A^2)    z-MSD(A^2)    tot-MSD(A^2)  sqrt(MSD)(A)
   0.00000E+00  -0.58451E-14   0.11637E-14  -0.29935E-14   0.31580E-14   0.56196E-07
   0.10000E+01   0.24462E-04   0.23999E-04   0.71162E-05   0.55577E-04   0.74550E-02
   0.20000E+01   0.97783E-04   0.95950E-04   0.28421E-04   0.22215E-03   0.14905E-01
   0.30000E+01   0.21971E-03   0.21564E-03   0.63762E-04   0.49912E-03   0.22341E-01
   0.40000E+01   0.38981E-03   0.38268E-03   0.11288E-03   0.88536E-03   0.29755E-01
   0.50000E+01   0.60743E-03   0.59646E-03   0.17540E-03   0.13793E-02   0.37139E-01
   0.60000E+01   0.87174E-03   0.85623E-03   0.25085E-03   0.19788E-02   0.44484E-01
   0.70000E+01   0.11818E-02   0.11610E-02   0.33865E-03   0.26814E-02   0.51783E-01
   0.80000E+01   0.15363E-02   0.15098E-02   0.43813E-03   0.34843E-02   0.59028E-01
   0.90000E+01   0.19341E-02   0.19013E-02   0.54855E-03   0.43839E-02   0.66211E-01
   0.10000E+02   0.23737E-02   0.23341E-02   0.66907E-03   0.53768E-02   0.73327E-01
   0.11000E+02   0.28535E-02   0.28068E-02   0.79881E-03   0.64590E-02   0.80368E-01
   0.12000E+02   0.33718E-02   0.33177E-02   0.93680E-03   0.76263E-02   0.87328E-01
   0.13000E+02   0.39269E-02   0.38651E-02   0.10821E-02   0.88741E-02   0.94203E-01
   0.14000E+02   0.45171E-02   0.44474E-02   0.12335E-02   0.10198E-01   0.10099E+00
   0.15000E+02   0.51403E-02   0.50628E-02   0.13902E-02   0.11593E-01   0.10767E+00
   0.16000E+02   0.57947E-02   0.57093E-02   0.15510E-02   0.13055E-01   0.11426E+00
   0.17000E+02   0.64783E-02   0.63852E-02   0.17148E-02   0.14578E-01   0.12074E+00
   0.18000E+02   0.71893E-02   0.70886E-02   0.18806E-02   0.16158E-01   0.12712E+00
   0.19000E+02   0.79257E-02   0.78176E-02   0.20473E-02   0.17791E-01   0.13338E+00
   0.20000E+02   0.86856E-02   0.85705E-02   0.22139E-02   0.19470E-01   0.13953E+00
   0.21000E+02   0.94672E-02   0.93454E-02   0.23795E-02   0.21192E-01   0.14558E+00
   0.22000E+02   0.10269E-01   0.10141E-01   0.25431E-02   0.22952E-01   0.15150E+00
   0.23000E+02   0.11088E-01   0.10955E-01   0.27038E-02   0.24747E-01   0.15731E+00
   0.24000E+02   0.11924E-01   0.11786E-01   0.28609E-02   0.26571E-01   0.16301E+00
   0.25000E+02   0.12776E-01   0.12633E-01   0.30136E-02   0.28422E-01   0.16859E+00
   0.26000E+02   0.13640E-01   0.13494E-01   0.31613E-02   0.30295E-01   0.17405E+00
   0.27000E+02   0.14517E-01   0.14367E-01   0.33033E-02   0.32187E-01   0.17941E+00
   0.28000E+02   0.15404E-01   0.15253E-01   0.34391E-02   0.34096E-01   0.18465E+00
   0.29000E+02   0.16301E-01   0.16149E-01   0.35684E-02   0.36019E-01   0.18979E+00
   0.30000E+02   0.17206E-01   0.17055E-01   0.36908E-02   0.37952E-01   0.19481E+00
   0.31000E+02   0.18119E-01   0.17969E-01   0.38060E-02   0.39895E-01   0.19974E+00
   0.32000E+02   0.19039E-01   0.18892E-01   0.39138E-02   0.41845E-01   0.20456E+00
   0.33000E+02   0.19965E-01   0.19821E-01   0.40143E-02   0.43800E-01   0.20929E+00
   0.34000E+02   0.20896E-01   0.20757E-01   0.41074E-02   0.45760E-01   0.21392E+00
   0.35000E+02   0.21831E-01   0.21699E-01   0.41931E-02   0.47724E-01   0.21846E+00
   0.36000E+02   0.22771E-01   0.22647E-01   0.42716E-02   0.49690E-01   0.22291E+00
   0.37000E+02   0.23715E-01   0.23600E-01   0.43432E-02   0.51658E-01   0.22728E+00
   0.38000E+02   0.24662E-01   0.24558E-01   0.44081E-02   0.53628E-01   0.23158E+00
   0.39000E+02   0.25612E-01   0.25521E-01   0.44667E-02   0.55599E-01   0.23580E+00
   0.40000E+02   0.26566E-01   0.26488E-01   0.45194E-02   0.57573E-01   0.23994E+00
   0.41000E+02   0.27522E-01   0.27460E-01   0.45666E-02   0.59548E-01   0.24402E+00
   0.42000E+02   0.28481E-01   0.28436E-01   0.46088E-02   0.61525E-01   0.24804E+00
   0.43000E+02   0.29442E-01   0.29416E-01   0.46466E-02   0.63505E-01   0.25200E+00
   0.44000E+02   0.30406E-01   0.30401E-01   0.46805E-02   0.65488E-01   0.25591E+00
   0.45000E+02   0.31373E-01   0.31390E-01   0.47111E-02   0.67475E-01   0.25976E+00
   0.46000E+02   0.32343E-01   0.32383E-01   0.47389E-02   0.69465E-01   0.26356E+00
   0.47000E+02   0.33315E-01   0.33381E-01   0.47646E-02   0.71460E-01   0.26732E+00
   0.48000E+02   0.34289E-01   0.34383E-01   0.47888E-02   0.73461E-01   0.27104E+00
   0.49000E+02   0.35266E-01   0.35389E-01   0.48120E-02   0.75467E-01   0.27471E+00
   0.50000E+02   0.36246E-01   0.36399E-01   0.48348E-02   0.77479E-01   0.27835E+00
   0.51000E+02   0.37228E-01   0.37413E-01   0.48578E-02   0.79498E-01   0.28195E+00
   0.52000E+02   0.38212E-01   0.38431E-01   0.48815E-02   0.81524E-01   0.28552E+00
   0.53000E+02   0.39198E-01   0.39453E-01   0.49065E-02   0.83558E-01   0.28906E+00
   0.54000E+02   0.40187E-01   0.40478E-01   0.49331E-02   0.85599E-01   0.29257E+00
   0.55000E+02   0.41178E-01   0.41507E-01   0.49618E-02   0.87647E-01   0.29605E+00
   0.56000E+02   0.42170E-01   0.42540E-01   0.49931E-02   0.89703E-01   0.29950E+00
   0.57000E+02   0.43165E-01   0.43575E-01   0.50272E-02   0.91767E-01   0.30293E+00
   0.58000E+02   0.44160E-01   0.44613E-01   0.50645E-02   0.93838E-01   0.30633E+00
   0.59000E+02   0.45157E-01   0.45653E-01   0.51053E-02   0.95916E-01   0.30970E+00
   0.60000E+02   0.46154E-01   0.46696E-01   0.51497E-02   0.98000E-01   0.31305E+00
   0.61000E+02   0.47152E-01   0.47741E-01   0.51980E-02   0.10009E+00   0.31637E+00
   0.62000E+02   0.48151E-01   0.48787E-01   0.52503E-02   0.10219E+00   0.31967E+00
   0.63000E+02   0.49149E-01   0.49834E-01   0.53066E-02   0.10429E+00   0.32294E+00
   0.64000E+02   0.50147E-01   0.50881E-01   0.53670E-02   0.10640E+00   0.32618E+00
   0.65000E+02   0.51145E-01   0.51930E-01   0.54315E-02   0.10851E+00   0.32940E+00
   0.66000E+02   0.52141E-01   0.52978E-01   0.55000E-02   0.11062E+00   0.33259E+00
   0.67000E+02   0.53136E-01   0.54026E-01   0.55724E-02   0.11273E+00   0.33576E+00
   0.68000E+02   0.54130E-01   0.55073E-01   0.56487E-02   0.11485E+00   0.33890E+00
   0.69000E+02   0.55121E-01   0.56119E-01   0.57286E-02   0.11697E+00   0.34201E+00
   0.70000E+02   0.56110E-01   0.57163E-01   0.58119E-02   0.11909E+00   0.34509E+00
   0.71000E+02   0.57097E-01   0.58206E-01   0.58985E-02   0.12120E+00   0.34814E+00
   0.72000E+02   0.58080E-01   0.59247E-01   0.59881E-02   0.12332E+00   0.35116E+00
   0.73000E+02   0.59061E-01   0.60285E-01   0.60805E-02   0.12543E+00   0.35416E+00
   0.74000E+02   0.60038E-01   0.61321E-01   0.61753E-02   0.12753E+00   0.35712E+00
   0.75000E+02   0.61011E-01   0.62354E-01   0.62723E-02   0.12964E+00   0.36005E+00
   0.76000E+02   0.61981E-01   0.63384E-01   0.63711E-02   0.13174E+00   0.36296E+00
   0.77000E+02   0.62947E-01   0.64411E-01   0.64715E-02   0.13383E+00   0.36583E+00
   0.78000E+02   0.63909E-01   0.65434E-01   0.65732E-02   0.13592E+00   0.36867E+00
   0.79000E+02   0.64867E-01   0.66455E-01   0.66757E-02   0.13800E+00   0.37148E+00
   0.80000E+02   0.65821E-01   0.67471E-01   0.67790E-02   0.14007E+00   0.37426E+00
   0.81000E+02   0.66771E-01   0.68484E-01   0.68825E-02   0.14214E+00   0.37701E+00
   0.82000E+02   0.67717E-01   0.69494E-01   0.69860E-02   0.14420E+00   0.37973E+00
   0.83000E+02   0.68659E-01   0.70500E-01   0.70894E-02   0.14625E+00   0.38242E+00
   0.84000E+02   0.69598E-01   0.71503E-01   0.71921E-02   0.14829E+00   0.38509E+00
   0.85000E+02   0.70533E-01   0.72502E-01   0.72941E-02   0.15033E+00   0.38772E+00
   0.86000E+02   0.71464E-01   0.73498E-01   0.73951E-02   0.15236E+00   0.39033E+00
   0.87000E+02   0.72392E-01   0.74492E-01   0.74949E-02   0.15438E+00   0.39291E+00
   0.88000E+02   0.73317E-01   0.75482E-01   0.75932E-02   0.15639E+00   0.39547E+00
   0.89000E+02   0.74239E-01   0.76470E-01   0.76900E-02   0.15840E+00   0.39799E+00
   0.90000E+02   0.75159E-01   0.77455E-01   0.77849E-02   0.16040E+00   0.40050E+00
   0.91000E+02   0.76077E-01   0.78439E-01   0.78780E-02   0.16239E+00   0.40298E+00
   0.92000E+02   0.76992E-01   0.79420E-01   0.79690E-02   0.16438E+00   0.40544E+00
   0.93000E+02   0.77906E-01   0.80399E-01   0.80579E-02   0.16636E+00   0.40788E+00
   0.94000E+02   0.78818E-01   0.81377E-01   0.81446E-02   0.16834E+00   0.41029E+00
   0.95000E+02   0.79729E-01   0.82354E-01   0.82290E-02   0.17031E+00   0.41269E+00
   0.96000E+02   0.80639E-01   0.83329E-01   0.83111E-02   0.17228E+00   0.41507E+00
   0.97000E+02   0.81549E-01   0.84304E-01   0.83909E-02   0.17424E+00   0.41742E+00
   0.98000E+02   0.82457E-01   0.85278E-01   0.84683E-02   0.17620E+00   0.41977E+00
   0.99000E+02   0.83366E-01   0.86252E-01   0.85433E-02   0.17816E+00   0.42209E+00
   0.10000E+03   0.84275E-01   0.87225E-01   0.86159E-02   0.18012E+00   0.42440E+00
   0.10100E+03   0.85184E-01   0.88199E-01   0.86862E-02   0.18207E+00   0.42670E+00
   0.10200E+03   0.86094E-01   0.89172E-01   0.87541E-02   0.18402E+00   0.42898E+00
   0.10300E+03   0.87004E-01   0.90146E-01   0.88197E-02   0.18597E+00   0.43124E+00
   0.10400E+03   0.87915E-01   0.91120E-01   0.88830E-02   0.18792E+00   0.43350E+00
   0.10500E+03   0.88828E-01   0.92095E-01   0.89441E-02   0.18987E+00   0.43574E+00
   0.10600E+03   0.89741E-01   0.93070E-01   0.90031E-02   0.19181E+00   0.43797E+00
   0.10700E+03   0.90655E-01   0.94046E-01   0.90599E-02   0.19376E+00   0.44018E+00
   0.10800E+03   0.91571E-01   0.95022E-01   0.91147E-02   0.19571E+00   0.44239E+00
   0.10900E+03   0.92489E-01   0.95999E-01   0.91675E-02   0.19766E+00   0.44458E+00
   0.11000E+03   0.93408E-01   0.96977E-01   0.92184E-02   0.19960E+00   0.44677E+00
   0.11100E+03   0.94328E-01   0.97956E-01   0.92675E-02   0.20155E+00   0.44894E+00
   0.11200E+03   0.95250E-01   0.98935E-01   0.93149E-02   0.20350E+00   0.45111E+00
   0.11300E+03   0.96174E-01   0.99915E-01   0.93607E-02   0.20545E+00   0.45327E+00
   0.11400E+03   0.97099E-01   0.10090E+00   0.94050E-02   0.20740E+00   0.45541E+00
   0.11500E+03   0.98025E-01   0.10188E+00   0.94479E-02   0.20935E+00   0.45755E+00
   0.11600E+03   0.98953E-01   0.10286E+00   0.94894E-02   0.21130E+00   0.45968E+00
   0.11700E+03   0.99883E-01   0.10384E+00   0.95299E-02   0.21325E+00   0.46179E+00
   0.11800E+03   0.10081E+00   0.10482E+00   0.95692E-02   0.21521E+00   0.46390E+00
   0.11900E+03   0.10174E+00   0.10581E+00   0.96077E-02   0.21716E+00   0.46601E+00
   0.12000E+03   0.10268E+00   0.10679E+00   0.96453E-02   0.21912E+00   0.46810E+00
   0.12100E+03   0.10361E+00   0.10778E+00   0.96822E-02   0.22107E+00   0.47018E+00
   0.12200E+03   0.10455E+00   0.10876E+00   0.97186E-02   0.22303E+00   0.47226E+00
   0.12300E+03   0.10548E+00   0.10975E+00   0.97545E-02   0.22498E+00   0.47432E+00
   0.12400E+03   0.10642E+00   0.11073E+00   0.97902E-02   0.22694E+00   0.47638E+00
   0.12500E+03   0.10735E+00   0.11172E+00   0.98257E-02   0.22889E+00   0.47843E+00
   0.12600E+03   0.10829E+00   0.11270E+00   0.98611E-02   0.23085E+00   0.48047E+00
   0.12700E+03   0.10922E+00   0.11369E+00   0.98966E-02   0.23281E+00   0.48250E+00
   0.12800E+03   0.11016E+00   0.11468E+00   0.99323E-02   0.23477E+00   0.48453E+00
   0.12900E+03   0.11109E+00   0.11566E+00   0.99683E-02   0.23672E+00   0.48654E+00
   0.13000E+03   0.11203E+00   0.11665E+00   0.10005E-01   0.23868E+00   0.48855E+00
   0.13100E+03   0.11296E+00   0.11763E+00   0.10042E-01   0.24064E+00   0.49055E+00
   0.13200E+03   0.11390E+00   0.11862E+00   0.10079E-01   0.24260E+00   0.49254E+00
   0.13300E+03   0.11483E+00   0.11961E+00   0.10117E-01   0.24456E+00   0.49453E+00
   0.13400E+03   0.11577E+00   0.12060E+00   0.10157E-01   0.24652E+00   0.49651E+00
   0.13500E+03   0.11670E+00   0.12158E+00   0.10196E-01   0.24848E+00   0.49848E+00
   0.13600E+03   0.11763E+00   0.12257E+00   0.10237E-01   0.25044E+00   0.50044E+00
   0.13700E+03   0.11857E+00   0.12356E+00   0.10279E-01   0.25241E+00   0.50240E+00
   0.13800E+03   0.11950E+00   0.12455E+00   0.10322E-01   0.25437E+00   0.50435E+00
   0.13900E+03   0.12043E+00   0.12554E+00   0.10366E-01   0.25634E+00   0.50630E+00
   0.14000E+03   0.12136E+00   0.12653E+00   0.10411E-01   0.25831E+00   0.50824E+00
   0.14100E+03   0.12230E+00   0.12752E+00   0.10457E-01   0.26028E+00   0.51017E+00
   0.14200E+03   0.12323E+00   0.12852E+00   0.10504E-01   0.26225E+00   0.51210E+00
   0.14300E+03   0.12416E+00   0.12951E+00   0.10552E-01   0.26422E+00   0.51403E+00
   0.14400E+03   0.12509E+00   0.13050E+00   0.10601E-01   0.26620E+00   0.51594E+00
   0.14500E+03   0.12602E+00   0.13150E+00   0.10652E-01   0.26817E+00   0.51785E+00
   0.14600E+03   0.12696E+00   0.13249E+00   0.10702E-01   0.27015E+00   0.51976E+00
   0.14700E+03   0.12789E+00   0.13349E+00   0.10754E-01   0.27213E+00   0.52166E+00
   0.14800E+03   0.12882E+00   0.13449E+00   0.10807E-01   0.27411E+00   0.52356E+00
   0.14900E+03   0.12975E+00   0.13548E+00   0.10860E-01   0.27609E+00   0.52545E+00
   0.15000E+03   0.13068E+00   0.13648E+00   0.10914E-01   0.27808E+00   0.52733E+00
   0.15100E+03   0.13162E+00   0.13748E+00   0.10968E-01   0.28006E+00   0.52921E+00
   0.15200E+03   0.13255E+00   0.13848E+00   0.11022E-01   0.28205E+00   0.53108E+00
   0.15300E+03   0.13348E+00   0.13948E+00   0.11077E-01   0.28404E+00   0.53295E+00
   0.15400E+03   0.13441E+00   0.14048E+00   0.11132E-01   0.28603E+00   0.53481E+00
   0.15500E+03   0.13534E+00   0.14148E+00   0.11187E-01   0.28801E+00   0.53667E+00
   0.15600E+03   0.13628E+00   0.14248E+00   0.11242E-01   0.29000E+00   0.53852E+00
   0.15700E+03   0.13721E+00   0.14349E+00   0.11296E-01   0.29199E+00   0.54036E+00
   0.15800E+03   0.13814E+00   0.14449E+00   0.11350E-01   0.29398E+00   0.54220E+00
   0.15900E+03   0.13907E+00   0.14549E+00   0.11404E-01   0.29597E+00   0.54403E+00
   0.16000E+03   0.14001E+00   0.14649E+00   0.11457E-01   0.29795E+00   0.54585E+00
   0.16100E+03   0.14094E+00   0.14749E+00   0.11509E-01   0.29994E+00   0.54767E+00
   0.16200E+03   0.14187E+00   0.14849E+00   0.11561E-01   0.30192E+00   0.54948E+00
   0.16300E+03   0.14280E+00   0.14950E+00   0.11611E-01   0.30391E+00   0.55128E+00
   0.16400E+03   0.14373E+00   0.15050E+00   0.11661E-01   0.30589E+00   0.55307E+00
   0.16500E+03   0.14466E+00   0.15150E+00   0.11710E-01   0.30787E+00   0.55486E+00
   0.16600E+03   0.14559E+00   0.15250E+00   0.11757E-01   0.30984E+00   0.55663E+00
   0.16700E+03   0.14652E+00   0.15349E+00   0.11803E-01   0.31181E+00   0.55840E+00
   0.16800E+03   0.14744E+00   0.15449E+00   0.11848E-01   0.31378E+00   0.56016E+00
   0.16900E+03   0.14837E+00   0.15549E+00   0.11892E-01   0.31575E+00   0.56192E+00
   0.17000E+03   0.14930E+00   0.15648E+00   0.11934E-01   0.31771E+00   0.56366E+00
   0.17100E+03   0.15022E+00   0.15747E+00   0.11975E-01   0.31967E+00   0.56539E+00
   0.17200E+03   0.15114E+00   0.15847E+00   0.12015E-01   0.32163E+00   0.56712E+00
   0.17300E+03   0.15207E+00   0.15946E+00   0.12053E-01   0.32357E+00   0.56884E+00
   0.17400E+03   0.15299E+00   0.16044E+00   0.12090E-01   0.32552E+00   0.57054E+00
   0.17500E+03   0.15390E+00   0.16143E+00   0.12125E-01   0.32746E+00   0.57224E+00
   0.17600E+03   0.15482E+00   0.16242E+00   0.12159E-01   0.32939E+00   0.57393E+00
   0.17700E+03   0.15573E+00   0.16340E+00   0.12191E-01   0.33132E+00   0.57561E+00
   0.17800E+03   0.15665E+00   0.16438E+00   0.12222E-01   0.33325E+00   0.57727E+00
   0.17900E+03   0.15756E+00   0.16536E+00   0.12252E-01   0.33516E+00   0.57893E+00
   0.18000E+03   0.15847E+00   0.16633E+00   0.12280E-01   0.33708E+00   0.58058E+00
   0.18100E+03   0.15937E+00   0.16730E+00   0.12306E-01   0.33898E+00   0.58222E+00
   0.18200E+03   0.16027E+00   0.16827E+00   0.12332E-01   0.34088E+00   0.58385E+00
   0.18300E+03   0.16117E+00   0.16924E+00   0.12356E-01   0.34277E+00   0.58547E+00
   0.18400E+03   0.16207E+00   0.17021E+00   0.12378E-01   0.34466E+00   0.58707E+00
   0.18500E+03   0.16296E+00   0.17117E+00   0.12400E-01   0.34654E+00   0.58867E+00
   0.18600E+03   0.16386E+00   0.17213E+00   0.12420E-01   0.34841E+00   0.59026E+00
   0.18700E+03   0.16474E+00   0.17309E+00   0.12439E-01   0.35027E+00   0.59184E+00
   0.18800E+03   0.16563E+00   0.17405E+00   0.12457E-01   0.35213E+00   0.59340E+00
   0.18900E+03   0.16651E+00   0.17500E+00   0.12474E-01   0.35398E+00   0.59496E+00
   0.19000E+03   0.16738E+00   0.17595E+00   0.12490E-01   0.35582E+00   0.59651E+00
   0.19100E+03   0.16826E+00   0.17690E+00   0.12505E-01   0.35766E+00   0.59805E+00
   0.19200E+03   0.16913E+00   0.17784E+00   0.12519E-01   0.35949E+00   0.59957E+00
   0.19300E+03   0.16999E+00   0.17879E+00   0.12533E-01   0.36131E+00   0.60109E+00
   0.19400E+03   0.17085E+00   0.17973E+00   0.12546E-01   0.36313E+00   0.60260E+00
   0.19500E+03   0.17171E+00   0.18067E+00   0.12558E-01   0.36493E+00   0.60410E+00
   0.19600E+03   0.17256E+00   0.18160E+00   0.12570E-01   0.36673E+00   0.60559E+00
   0.19700E+03   0.17341E+00   0.18254E+00   0.12581E-01   0.36853E+00   0.60706E+00
   0.19800E+03   0.17425E+00   0.18347E+00   0.12592E-01   0.37031E+00   0.60853E+00
   0.19900E+03   0.17509E+00   0.18440E+00   0.12603E-01   0.37209E+00   0.60999E+00
   0.20000E+03   0.17592E+00   0.18533E+00   0.12614E-01   0.37386E+00   0.61144E+00
   0.20100E+03   0.17675E+00   0.18625E+00   0.12624E-01   0.37562E+00   0.61288E+00
   0.20200E+03   0.17757E+00   0.18717E+00   0.12635E-01   0.37738E+00   0.61431E+00
   0.20300E+03   0.17839E+00   0.18809E+00   0.12645E-01   0.37912E+00   0.61573E+00
   0.20400E+03   0.17920E+00   0.18900E+00   0.12656E-01   0.38086E+00   0.61714E+00
   0.20500E+03   0.18001E+00   0.18992E+00   0.12667E-01   0.38259E+00   0.61854E+00
   0.20600E+03   0.18081E+00   0.19082E+00   0.12677E-01   0.38431E+00   0.61993E+00
   0.20700E+03   0.18160E+00   0.19173E+00   0.12688E-01   0.38602E+00   0.62130E+00
   0.20800E+03   0.18239E+00   0.19263E+00   0.12699E-01   0.38771E+00   0.62267E+00
   0.20900E+03   0.18317E+00   0.19352E+00   0.12710E-01   0.38940E+00   0.62402E+00
   0.21000E+03   0.18394E+00   0.19441E+00   0.12722E-01   0.39107E+00   0.62536E+00
   0.21100E+03   0.18471E+00   0.19529E+00   0.12733E-01   0.39273E+00   0.62668E+00
   0.21200E+03   0.18547E+00   0.19617E+00   0.12744E-01   0.39438E+00   0.62800E+00
   0.21300E+03   0.18622E+00   0.19704E+00   0.12755E-01   0.39601E+00   0.62929E+00
   0.21400E+03   0.18696E+00   0.19791E+00   0.12765E-01   0.39763E+00   0.63058E+00
   0.21500E+03   0.18769E+00   0.19876E+00   0.12776E-01   0.39923E+00   0.63184E+00
   0.21600E+03   0.18841E+00   0.19961E+00   0.12786E-01   0.40081E+00   0.63310E+00
   0.21700E+03   0.18913E+00   0.20045E+00   0.12795E-01   0.40238E+00   0.63433E+00
   0.21800E+03   0.18983E+00   0.20129E+00   0.12804E-01   0.40392E+00   0.63555E+00
   0.21900E+03   0.19052E+00   0.20211E+00   0.12813E-01   0.40545E+00   0.63675E+00
   0.22000E+03   0.19120E+00   0.20293E+00   0.12821E-01   0.40695E+00   0.63793E+00
   0.22100E+03   0.19187E+00   0.20374E+00   0.12828E-01   0.40843E+00   0.63909E+00
   0.22200E+03   0.19253E+00   0.20453E+00   0.12835E-01   0.40989E+00   0.64023E+00
   0.22300E+03   0.19317E+00   0.20532E+00   0.12841E-01   0.41133E+00   0.64135E+00
   0.22400E+03   0.19380E+00   0.20609E+00   0.12847E-01   0.41274E+00   0.64245E+00
   0.22500E+03   0.19442E+00   0.20686E+00   0.12851E-01   0.41413E+00   0.64353E+00
   0.22600E+03   0.19502E+00   0.20761E+00   0.12855E-01   0.41548E+00   0.64458E+00
   0.22700E+03   0.19561E+00   0.20835E+00   0.12859E-01   0.41681E+00   0.64561E+00
   0.22800E+03   0.19618E+00   0.20907E+00   0.12862E-01   0.41812E+00   0.64662E+00
   0.22900E+03   0.19674E+00   0.20978E+00   0.12864E-01   0.41939E+00   0.64760E+00
   0.23000E+03   0.19729E+00   0.21048E+00   0.12866E-01   0.42063E+00   0.64856E+00
   0.23100E+03   0.19782E+00   0.21116E+00   0.12867E-01   0.42184E+00   0.64949E+00
   0.23200E+03   0.19833E+00   0.21183E+00   0.12867E-01   0.42302E+00   0.65040E+00
   0.23300E+03   0.19882E+00   0.21248E+00   0.12867E-01   0.42417E+00   0.65128E+00
   0.23400E+03   0.19930E+00   0.21312E+00   0.12866E-01   0.42529E+00   0.65214E+00
   0.23500E+03   0.19977E+00   0.21374E+00   0.12865E-01   0.42637E+00   0.65297E+00
   0.23600E+03   0.20021E+00   0.21434E+00   0.12863E-01   0.42742E+00   0.65377E+00
   0.23700E+03   0.20064E+00   0.21493E+00   0.12860E-01   0.42844E+00   0.65455E+00
   0.23800E+03   0.20106E+00   0.21551E+00   0.12856E-01   0.42942E+00   0.65530E+00
   0.23900E+03   0.20146E+00   0.21607E+00   0.12851E-01   0.43038E+00   0.65603E+00
   0.24000E+03   0.20184E+00   0.21661E+00   0.12846E-01   0.43130E+00   0.65673E+00
   0.24100E+03   0.20221E+00   0.21714E+00   0.12839E-01   0.43219E+00   0.65741E+00
   0.24200E+03   0.20257E+00   0.21765E+00   0.12832E-01   0.43305E+00   0.65807E+00
   0.24300E+03   0.20291E+00   0.21816E+00   0.12824E-01   0.43389E+00   0.65870E+00
   0.24400E+03   0.20323E+00   0.21865E+00   0.12815E-01   0.43470E+00   0.65931E+00
   0.24500E+03   0.20355E+00   0.21912E+00   0.12805E-01   0.43548E+00   0.65991E+00
   0.24600E+03   0.20385E+00   0.21959E+00   0.12795E-01   0.43623E+00   0.66048E+00
   0.24700E+03   0.20414E+00   0.22005E+00   0.12783E-01   0.43697E+00   0.66103E+00
   0.24800E+03   0.20442E+00   0.22049E+00   0.12772E-01   0.43768E+00   0.66157E+00
   0.24900E+03   0.20468E+00   0.22093E+00   0.12760E-01   0.43837E+00   0.66209E+00
   0.25000E+03   0.20494E+00   0.22135E+00   0.12747E-01   0.43904E+00   0.66260E+00
   0.25100E+03   0.20519E+00   0.22177E+00   0.12734E-01   0.43969E+00   0.66309E+00
   0.25200E+03   0.20543E+00   0.22218E+00   0.12721E-01   0.44033E+00   0.66357E+00
   0.25300E+03   0.20566E+00   0.22258E+00   0.12708E-01   0.44095E+00   0.66404E+00
   0.25400E+03   0.20588E+00   0.22298E+00   0.12695E-01   0.44155E+00   0.66449E+00
   0.25500E+03   0.20609E+00   0.22336E+00   0.12681E-01   0.44214E+00   0.66494E+00
   0.25600E+03   0.20630E+00   0.22375E+00   0.12668E-01   0.44271E+00   0.66537E+00
   0.25700E+03   0.20650E+00   0.22412E+00   0.12655E-01   0.44328E+00   0.66579E+00
   0.25800E+03   0.20670E+00   0.22449E+00   0.12642E-01   0.44383E+00   0.66620E+00
   0.25900E+03   0.20688E+00   0.22485E+00   0.12628E-01   0.44436E+00   0.66661E+00
   0.26000E+03   0.20707E+00   0.22521E+00   0.12615E-01   0.44489E+00   0.66700E+00
   0.26100E+03   0.20724E+00   0.22556E+00   0.12602E-01   0.44541E+00   0.66739E+00
   0.26200E+03   0.20741E+00   0.22591E+00   0.12589E-01   0.44591E+00   0.66777E+00
   0.26300E+03   0.20758E+00   0.22625E+00   0.12576E-01   0.44640E+00   0.66813E+00
   0.26400E+03   0.20774E+00   0.22658E+00   0.12564E-01   0.44689E+00   0.66850E+00
   0.26500E+03   0.20790E+00   0.22691E+00   0.12551E-01   0.44736E+00   0.66885E+00
   0.26600E+03   0.20805E+00   0.22724E+00   0.12538E-01   0.44782E+00   0.66920E+00
   0.26700E+03   0.20820E+00   0.22756E+00   0.12526E-01   0.44828E+00   0.66954E+00
   0.26800E+03   0.20834E+00   0.22787E+00   0.12513E-01   0.44872E+00   0.66987E+00
   0.26900E+03   0.20848E+00   0.22818E+00   0.12501E-01   0.44916E+00   0.67019E+00
   0.27000E+03   0.20862E+00   0.22848E+00   0.12488E-01   0.44959E+00   0.67051E+00
   0.27100E+03   0.20875E+00   0.22878E+00   0.12476E-01   0.45001E+00   0.67083E+00
   0.27200E+03   0.20888E+00   0.22908E+00   0.12464E-01   0.45042E+00   0.67113E+00
   0.27300E+03   0.20901E+00   0.22936E+00   0.12453E-01   0.45083E+00   0.67144E+00
   0.27400E+03   0.20913E+00   0.22965E+00   0.12442E-01   0.45122E+00   0.67173E+00
   0.27500E+03   0.20926E+00   0.22993E+00   0.12431E-01   0.45162E+00   0.67202E+00
   0.27600E+03   0.20938E+00   0.23020E+00   0.12420E-01   0.45200E+00   0.67231E+00
   0.27700E+03   0.20950E+00   0.23047E+00   0.12410E-01   0.45238E+00   0.67259E+00
   0.27800E+03   0.20961E+00   0.23074E+00   0.12401E-01   0.45275E+00   0.67287E+00
   0.27900E+03   0.20973E+00   0.23100E+00   0.12392E-01   0.45312E+00   0.67314E+00
   0.28000E+03   0.20985E+00   0.23126E+00   0.12384E-01   0.45349E+00   0.67341E+00
   0.28100E+03   0.20996E+00   0.23151E+00   0.12376E-01   0.45385E+00   0.67368E+00
   0.28200E+03   0.21008E+00   0.23176E+00   0.12370E-01   0.45420E+00   0.67395E+00
   0.28300E+03   0.21019E+00   0.23200E+00   0.12363E-01   0.45455E+00   0.67421E+00
   0.28400E+03   0.21031E+00   0.23224E+00   0.12358E-01   0.45490E+00   0.67447E+00
   0.28500E+03   0.21042E+00   0.23247E+00   0.12353E-01   0.45525E+00   0.67472E+00
   0.28600E+03   0.21054E+00   0.23271E+00   0.12349E-01   0.45559E+00   0.67497E+00
   0.28700E+03   0.21065E+00   0.23293E+00   0.12346E-01   0.45593E+00   0.67523E+00
   0.28800E+03   0.21077E+00   0.23316E+00   0.12343E-01   0.45627E+00   0.67548E+00
   0.28900E+03   0.21089E+00   0.23337E+00   0.12340E-01   0.45660E+00   0.67572E+00
   0.29000E+03   0.21100E+00   0.23359E+00   0.12339E-01   0.45693E+00   0.67597E+00
   0.29100E+03   0.21112E+00   0.23380E+00   0.12337E-01   0.45726E+00   0.67621E+00
   0.29200E+03   0.21124E+00   0.23400E+00   0.12336E-01   0.45758E+00   0.67645E+00
   0.29300E+03   0.21136E+00   0.23421E+00   0.12336E-01   0.45790E+00   0.67669E+00
   0.29400E+03   0.21148E+00   0.23441E+00   0.12336E-01   0.45822E+00   0.67692E+00
   0.29500E+03   0.21160E+00   0.23460E+00   0.12336E-01   0.45854E+00   0.67715E+00
   0.29600E+03   0.21172E+00   0.23479E+00   0.12336E-01   0.45885E+00   0.67738E+00
   0.29700E+03   0.21184E+00   0.23498E+00   0.12336E-01   0.45915E+00   0.67761E+00
   0.29800E+03   0.21196E+00   0.23516E+00   0.12336E-01   0.45946E+00   0.67783E+00
   0.29900E+03   0.21208E+00   0.23534E+00   0.12336E-01   0.45975E+00   0.67805E+00
   0.30000E+03   0.21220E+00   0.23551E+00   0.12336E-01   0.46005E+00   0.67827E+00
   0.30100E+03   0.21232E+00   0.23568E+00   0.12336E-01   0.46034E+00   0.67848E+00
   0.30200E+03   0.21244E+00   0.23585E+00   0.12335E-01   0.46062E+00   0.67869E+00
   0.30300E+03   0.21255E+00   0.23601E+00   0.12334E-01   0.46090E+00   0.67889E+00
   0.30400E+03   0.21267E+00   0.23617E+00   0.12333E-01   0.46117E+00   0.67909E+00
   0.30500E+03   0.21278E+00   0.23632E+00   0.12331E-01   0.46143E+00   0.67929E+00
   0.30600E+03   0.21289E+00   0.23647E+00   0.12328E-01   0.46169E+00   0.67948E+00
   0.30700E+03   0.21300E+00   0.23662E+00   0.12325E-01   0.46194E+00   0.67966E+00
   0.30800E+03   0.21311E+00   0.23676E+00   0.12321E-01   0.46219E+00   0.67984E+00
   0.30900E+03   0.21321E+00   0.23689E+00   0.12317E-01   0.46242E+00   0.68002E+00
   0.31000E+03   0.21332E+00   0.23703E+00   0.12311E-01   0.46265E+00   0.68019E+00
   0.31100E+03   0.21342E+00   0.23716E+00   0.12305E-01   0.46288E+00   0.68035E+00
   0.31200E+03   0.21351E+00   0.23728E+00   0.12298E-01   0.46309E+00   0.68051E+00
   0.31300E+03   0.21361E+00   0.23740E+00   0.12290E-01   0.46330E+00   0.68066E+00
   0.31400E+03   0.21370E+00   0.23752E+00   0.12282E-01   0.46350E+00   0.68081E+00
   0.31500E+03   0.21378E+00   0.23763E+00   0.12272E-01   0.46369E+00   0.68094E+00
   0.31600E+03   0.21387E+00   0.23774E+00   0.12261E-01   0.46387E+00   0.68108E+00
   0.31700E+03   0.21395E+00   0.23784E+00   0.12250E-01   0.46404E+00   0.68121E+00
   0.31800E+03   0.21402E+00   0.23794E+00   0.12237E-01   0.46421E+00   0.68133E+00
   0.31900E+03   0.21410E+00   0.23804E+00   0.12224E-01   0.46436E+00   0.68144E+00
   0.32000E+03   0.21417E+00   0.23813E+00   0.12210E-01   0.46451E+00   0.68155E+00
   0.32100E+03   0.21424E+00   0.23822E+00   0.12195E-01   0.46465E+00   0.68165E+00
   0.32200E+03   0.21430E+00   0.23830E+00   0.12180E-01   0.46478E+00   0.68175E+00
   0.32300E+03   0.21436E+00   0.23838E+00   0.12163E-01   0.46490E+00   0.68184E+00
   0.32400E+03   0.21442E+00   0.23845E+00   0.12146E-01   0.46502E+00   0.68192E+00
   0.32500E+03   0.21447E+00   0.23852E+00   0.12129E-01   0.46512E+00   0.68200E+00
   0.32600E+03   0.21452E+00   0.23859E+00   0.12111E-01   0.46522E+00   0.68207E+00
   0.32700E+03   0.21457E+00   0.23865E+00   0.12093E-01   0.46531E+00   0.68214E+00
   0.32800E+03   0.21461E+00   0.23871E+00   0.12074E-01   0.46540E+00   0.68220E+00
   0.32900E+03   0.21465E+00   0.23876E+00   0.12055E-01   0.46547E+00   0.68226E+00
   0.33000E+03   0.21469E+00   0.23881E+00   0.12036E-01   0.46554E+00   0.68231E+00
   0.33100E+03   0.21473E+00   0.23886E+00   0.12017E-01   0.46561E+00   0.68235E+00
   0.33200E+03   0.21476E+00   0.23890E+00   0.11998E-01   0.46566E+00   0.68239E+00
   0.33300E+03   0.21479E+00   0.23894E+00   0.11979E-01   0.46571E+00   0.68243E+00
   0.33400E+03   0.21482E+00   0.23897E+00   0.11960E-01   0.46576E+00   0.68246E+00
   0.33500E+03   0.21485E+00   0.23901E+00   0.11942E-01   0.46579E+00   0.68249E+00
   0.33600E+03   0.21487E+00   0.23903E+00   0.11923E-01   0.46583E+00   0.68251E+00
   0.33700E+03   0.21489E+00   0.23906E+00   0.11905E-01   0.46585E+00   0.68253E+00
   0.33800E+03   0.21491E+00   0.23907E+00   0.11887E-01   0.46587E+00   0.68255E+00
   0.33900E+03   0.21493E+00   0.23909E+00   0.11870E-01   0.46589E+00   0.68256E+00
   0.34000E+03   0.21494E+00   0.23910E+00   0.11853E-01   0.46590E+00   0.68257E+00
   0.34100E+03   0.21495E+00   0.23911E+00   0.11837E-01   0.46590E+00   0.68257E+00
   0.34200E+03   0.21496E+00   0.23912E+00   0.11821E-01   0.46590E+00   0.68257E+00
   0.34300E+03   0.21497E+00   0.23912E+00   0.11806E-01   0.46589E+00   0.68256E+00
   0.34400E+03   0.21497E+00   0.23912E+00   0.11791E-01   0.46588E+00   0.68255E+00
   0.34500E+03   0.21498E+00   0.23911E+00   0.11777E-01   0.46586E+00   0.68254E+00
   0.34600E+03   0.21498E+00   0.23910E+00   0.11764E-01   0.46584E+00   0.68253E+00
   0.34700E+03   0.21498E+00   0.23909E+00   0.11751E-01   0.46582E+00   0.68251E+00
   0.34800E+03   0.21497E+00   0.23907E+00   0.11740E-01   0.46579E+00   0.68249E+00
   0.34900E+03   0.21497E+00   0.23905E+00   0.11729E-01   0.46575E+00   0.68246E+00
   0.35000E+03   0.21496E+00   0.23903E+00   0.11718E-01   0.46571E+00   0.68243E+00
   0.35100E+03   0.21495E+00   0.23901E+00   0.11709E-01   0.46567E+00   0.68240E+00
   0.35200E+03   0.21494E+00   0.23898E+00   0.11700E-01   0.46562E+00   0.68236E+00
   0.35300E+03   0.21493E+00   0.23895E+00   0.11692E-01   0.46557E+00   0.68233E+00
   0.35400E+03   0.21491E+00   0.23891E+00   0.11685E-01   0.46551E+00   0.68228E+00
   0.35500E+03   0.21490E+00   0.23887E+00   0.11679E-01   0.46545E+00   0.68224E+00
   0.35600E+03   0.21488E+00   0.23883E+00   0.11673E-01   0.46538E+00   0.68219E+00
   0.35700E+03   0.21485E+00   0.23879E+00   0.11668E-01   0.46531E+00   0.68214E+00
   0.35800E+03   0.21483E+00   0.23874E+00   0.11664E-01   0.46524E+00   0.68208E+00
   0.35900E+03   0.21481E+00   0.23869E+00   0.11661E-01   0.46516E+00   0.68202E+00
   0.36000E+03   0.21478E+00   0.23864E+00   0.11658E-01   0.46507E+00   0.68196E+00
   0.36100E+03   0.21475E+00   0.23858E+00   0.11656E-01   0.46498E+00   0.68189E+00
   0.36200E+03   0.21471E+00   0.23852E+00   0.11654E-01   0.46489E+00   0.68183E+00
   0.36300E+03   0.21468E+00   0.23845E+00   0.11652E-01   0.46479E+00   0.68175E+00
   0.36400E+03   0.21464E+00   0.23839E+00   0.11651E-01   0.46468E+00   0.68168E+00
   0.36500E+03   0.21460E+00   0.23832E+00   0.11651E-01   0.46457E+00   0.68159E+00
   0.36600E+03   0.21456E+00   0.23824E+00   0.11651E-01   0.46446E+00   0.68151E+00
   0.36700E+03   0.21452E+00   0.23816E+00   0.11651E-01   0.46433E+00   0.68142E+00
   0.36800E+03   0.21447E+00   0.23808E+00   0.11651E-01   0.46421E+00   0.68133E+00
   0.36900E+03   0.21442E+00   0.23800E+00   0.11651E-01   0.46407E+00   0.68123E+00
   0.37000E+03   0.21437E+00   0.23791E+00   0.11651E-01   0.46394E+00   0.68113E+00
   0.37100E+03   0.21432E+00   0.23782E+00   0.11651E-01   0.46379E+00   0.68102E+00
   0.37200E+03   0.21426E+00   0.23773E+00   0.11652E-01   0.46364E+00   0.68091E+00
   0.37300E+03   0.21420E+00   0.23763E+00   0.11652E-01   0.46348E+00   0.68080E+00
   0.37400E+03   0.21414E+00   0.23753E+00   0.11652E-01   0.46332E+00   0.68068E+00
   0.37500E+03   0.21408E+00   0.23742E+00   0.11652E-01   0.46315E+00   0.68055E+00
   0.37600E+03   0.21401E+00   0.23732E+00   0.11651E-01   0.46298E+00   0.68042E+00
   0.37700E+03   0.21394E+00   0.23720E+00   0.11651E-01   0.46280E+00   0.68029E+00
   0.37800E+03   0.21387E+00   0.23709E+00   0.11650E-01   0.46261E+00   0.68015E+00
   0.37900E+03   0.21379E+00   0.23697E+00   0.11648E-01   0.46241E+00   0.68001E+00
   0.38000E+03   0.21372E+00   0.23685E+00   0.11647E-01   0.46221E+00   0.67986E+00
   0.38100E+03   0.21364E+00   0.23672E+00   0.11645E-01   0.46200E+00   0.67971E+00
   0.38200E+03   0.21356E+00   0.23659E+00   0.11643E-01   0.46179E+00   0.67955E+00
   0.38300E+03   0.21347E+00   0.23645E+00   0.11641E-01   0.46157E+00   0.67939E+00
   0.38400E+03   0.21338E+00   0.23632E+00   0.11639E-01   0.46134E+00   0.67922E+00
   0.38500E+03   0.21329E+00   0.23618E+00   0.11636E-01   0.46111E+00   0.67905E+00
   0.38600E+03   0.21320E+00   0.23603E+00   0.11633E-01   0.46087E+00   0.67887E+00
   0.38700E+03   0.21311E+00   0.23588E+00   0.11630E-01   0.46062E+00   0.67869E+00
   0.38800E+03   0.21301E+00   0.23573E+00   0.11627E-01   0.46037E+00   0.67850E+00
   0.38900E+03   0.21291E+00   0.23557E+00   0.11625E-01   0.46011E+00   0.67831E+00
   0.39000E+03   0.21281E+00   0.23541E+00   0.11622E-01   0.45984E+00   0.67812E+00
   0.39100E+03   0.21270E+00   0.23525E+00   0.11619E-01   0.45957E+00   0.67792E+00
   0.39200E+03   0.21260E+00   0.23508E+00   0.11616E-01   0.45929E+00   0.67771E+00
   0.39300E+03   0.21249E+00   0.23490E+00   0.11614E-01   0.45901E+00   0.67750E+00
   0.39400E+03   0.21238E+00   0.23473E+00   0.11612E-01   0.45872E+00   0.67729E+00
   0.39500E+03   0.21227E+00   0.23455E+00   0.11611E-01   0.45842E+00   0.67707E+00
   0.39600E+03   0.21215E+00   0.23436E+00   0.11609E-01   0.45812E+00   0.67685E+00
   0.39700E+03   0.21203E+00   0.23417E+00   0.11609E-01   0.45781E+00   0.67662E+00
   0.39800E+03   0.21191E+00   0.23398E+00   0.11608E-01   0.45750E+00   0.67639E+00
   0.39900E+03   0.21179E+00   0.23378E+00   0.11609E-01   0.45718E+00   0.67615E+00
   0.40000E+03   0.21167E+00   0.23358E+00   0.11610E-01   0.45686E+00   0.67591E+00
   0.40100E+03   0.21154E+00   0.23337E+00   0.11611E-01   0.45653E+00   0.67567E+00
   0.40200E+03   0.21141E+00   0.23316E+00   0.11613E-01   0.45619E+00   0.67542E+00
   0.40300E+03   0.21128E+00   0.23295E+00   0.11616E-01   0.45585E+00   0.67516E+00
   0.40400E+03   0.21115E+00   0.23273E+00   0.11620E-01   0.45550E+00   0.67491E+00
   0.40500E+03   0.21102E+00   0.23250E+00   0.11624E-01   0.45514E+00   0.67464E+00
   0.40600E+03   0.21088E+00   0.23227E+00   0.11630E-01   0.45478E+00   0.67438E+00
   0.40700E+03   0.21074E+00   0.23204E+00   0.11635E-01   0.45441E+00   0.67410E+00
   0.40800E+03   0.21060E+00   0.23180E+00   0.11642E-01   0.45404E+00   0.67383E+00
   0.40900E+03   0.21046E+00   0.23155E+00   0.11649E-01   0.45366E+00   0.67354E+00
   0.41000E+03   0.21032E+00   0.23130E+00   0.11657E-01   0.45327E+00   0.67326E+00
   0.41100E+03   0.21017E+00   0.23104E+00   0.11666E-01   0.45288E+00   0.67296E+00
   0.41200E+03   0.21002E+00   0.23078E+00   0.11675E-01   0.45248E+00   0.67267E+00
   0.41300E+03   0.20987E+00   0.23052E+00   0.11685E-01   0.45207E+00   0.67237E+00
   0.41400E+03   0.20972E+00   0.23025E+00   0.11696E-01   0.45166E+00   0.67206E+00
   0.41500E+03   0.20956E+00   0.22997E+00   0.11707E-01   0.45124E+00   0.67174E+00
   0.41600E+03   0.20941E+00   0.22968E+00   0.11718E-01   0.45081E+00   0.67142E+00
   0.41700E+03   0.20925E+00   0.22940E+00   0.11730E-01   0.45037E+00   0.67110E+00
   0.41800E+03   0.20909E+00   0.22910E+00   0.11742E-01   0.44993E+00   0.67077E+00
   0.41900E+03   0.20892E+00   0.22880E+00   0.11755E-01   0.44948E+00   0.67043E+00
   0.42000E+03   0.20876E+00   0.22850E+00   0.11767E-01   0.44902E+00   0.67009E+00
   0.42100E+03   0.20859E+00   0.22818E+00   0.11780E-01   0.44855E+00   0.66974E+00
   0.42200E+03   0.20841E+00   0.22787E+00   0.11794E-01   0.44807E+00   0.66938E+00
   0.42300E+03   0.20824E+00   0.22754E+00   0.11807E-01   0.44759E+00   0.66902E+00
   0.42400E+03   0.20806E+00   0.22721E+00   0.11820E-01   0.44709E+00   0.66865E+00
   0.42500E+03   0.20788E+00   0.22688E+00   0.11833E-01   0.44659E+00   0.66827E+00
   0.42600E+03   0.20769E+00   0.22654E+00   0.11846E-01   0.44608E+00   0.66789E+00
   0.42700E+03   0.20751E+00   0.22619E+00   0.11859E-01   0.44555E+00   0.66750E+00
   0.42800E+03   0.20732E+00   0.22583E+00   0.11872E-01   0.44502E+00   0.66710E+00
   0.42900E+03   0.20712E+00   0.22548E+00   0.11885E-01   0.44448E+00   0.66670E+00
   0.43000E+03   0.20693E+00   0.22511E+00   0.11897E-01   0.44393E+00   0.66628E+00
   0.43100E+03   0.20672E+00   0.22474E+00   0.11909E-01   0.44337E+00   0.66586E+00
   0.43200E+03   0.20652E+00   0.22436E+00   0.11921E-01   0.44280E+00   0.66543E+00
   0.43300E+03   0.20631E+00   0.22398E+00   0.11932E-01   0.44222E+00   0.66500E+00
   0.43400E+03   0.20610E+00   0.22359E+00   0.11943E-01   0.44163E+00   0.66455E+00
   0.43500E+03   0.20588E+00   0.22319E+00   0.11953E-01   0.44103E+00   0.66410E+00
   0.43600E+03   0.20567E+00   0.22279E+00   0.11963E-01   0.44042E+00   0.66364E+00
   0.43700E+03   0.20544E+00   0.22238E+00   0.11972E-01   0.43979E+00   0.66317E+00
   0.43800E+03   0.20522E+00   0.22196E+00   0.11981E-01   0.43916E+00   0.66269E+00
   0.43900E+03   0.20498E+00   0.22154E+00   0.11990E-01   0.43852E+00   0.66221E+00
   0.44000E+03   0.20475E+00   0.22112E+00   0.11997E-01   0.43786E+00   0.66171E+00
   0.44100E+03   0.20451E+00   0.22068E+00   0.12005E-01   0.43720E+00   0.66121E+00
   0.44200E+03   0.20427E+00   0.22024E+00   0.12011E-01   0.43652E+00   0.66070E+00
   0.44300E+03   0.20402E+00   0.21980E+00   0.12017E-01   0.43584E+00   0.66018E+00
   0.44400E+03   0.20377E+00   0.21934E+00   0.12023E-01   0.43514E+00   0.65965E+00
   0.44500E+03   0.20352E+00   0.21889E+00   0.12028E-01   0.43443E+00   0.65912E+00
   0.44600E+03   0.20326E+00   0.21842E+00   0.12032E-01   0.43371E+00   0.65857E+00
   0.44700E+03   0.20300E+00   0.21795E+00   0.12036E-01   0.43298E+00   0.65802E+00
   0.44800E+03   0.20274E+00   0.21747E+00   0.12039E-01   0.43224E+00   0.65745E+00
   0.44900E+03   0.20247E+00   0.21698E+00   0.12041E-01   0.43149E+00   0.65688E+00
   0.45000E+03   0.20219E+00   0.21649E+00   0.12043E-01   0.43073E+00   0.65630E+00
   0.45100E+03   0.20192E+00   0.21600E+00   0.12044E-01   0.42996E+00   0.65571E+00
   0.45200E+03   0.20164E+00   0.21549E+00   0.12045E-01   0.42917E+00   0.65511E+00
   0.45300E+03   0.20135E+00   0.21498E+00   0.12045E-01   0.42838E+00   0.65450E+00
   0.45400E+03   0.20106E+00   0.21446E+00   0.12045E-01   0.42757E+00   0.65389E+00
   0.45500E+03   0.20077E+00   0.21394E+00   0.12044E-01   0.42675E+00   0.65326E+00
   0.45600E+03   0.20048E+00   0.21341E+00   0.12042E-01   0.42592E+00   0.65263E+00
   0.45700E+03   0.20018E+00   0.21287E+00   0.12040E-01   0.42508E+00   0.65199E+00
   0.45800E+03   0.19987E+00   0.21232E+00   0.12038E-01   0.42423E+00   0.65133E+00
   0.45900E+03   0.19957E+00   0.21177E+00   0.12034E-01   0.42337E+00   0.65067E+00
   0.46000E+03   0.19926E+00   0.21121E+00   0.12031E-01   0.42250E+00   0.65000E+00
   0.46100E+03   0.19894E+00   0.21065E+00   0.12027E-01   0.42162E+00   0.64932E+00
   0.46200E+03   0.19863E+00   0.21008E+00   0.12022E-01   0.42073E+00   0.64863E+00
   0.46300E+03   0.19830E+00   0.20950E+00   0.12017E-01   0.41982E+00   0.64794E+00
   0.46400E+03   0.19798E+00   0.20892E+00   0.12012E-01   0.41891E+00   0.64723E+00
   0.46500E+03   0.19765E+00   0.20833E+00   0.12006E-01   0.41798E+00   0.64651E+00
   0.46600E+03   0.19732E+00   0.20773E+00   0.11999E-01   0.41704E+00   0.64579E+00
   0.46700E+03   0.19698E+00   0.20713E+00   0.11992E-01   0.41610E+00   0.64506E+00
   0.46800E+03   0.19664E+00   0.20652E+00   0.11985E-01   0.41514E+00   0.64431E+00
   0.46900E+03   0.19629E+00   0.20590E+00   0.11978E-01   0.41417E+00   0.64356E+00
   0.47000E+03   0.19594E+00   0.20528E+00   0.11970E-01   0.41320E+00   0.64280E+00
   0.47100E+03   0.19559E+00   0.20465E+00   0.11962E-01   0.41221E+00   0.64204E+00
   0.47200E+03   0.19524E+00   0.20402E+00   0.11953E-01   0.41121E+00   0.64126E+00
   0.47300E+03   0.19488E+00   0.20338E+00   0.11945E-01   0.41021E+00   0.64047E+00
   0.47400E+03   0.19451E+00   0.20274E+00   0.11936E-01   0.40919E+00   0.63968E+00
   0.47500E+03   0.19415E+00   0.20209E+00   0.11926E-01   0.40816E+00   0.63888E+00
   0.47600E+03   0.19378E+00   0.20143E+00   0.11917E-01   0.40713E+00   0.63807E+00
   0.47700E+03   0.19340E+00   0.20077E+00   0.11908E-01   0.40608E+00   0.63725E+00
   0.47800E+03   0.19302E+00   0.20011E+00   0.11898E-01   0.40503E+00   0.63642E+00
   0.47900E+03   0.19264E+00   0.19944E+00   0.11888E-01   0.40397E+00   0.63558E+00
   0.48000E+03   0.19226E+00   0.19876E+00   0.11879E-01   0.40290E+00   0.63474E+00
   0.48100E+03   0.19187E+00   0.19808E+00   0.11869E-01   0.40182E+00   0.63389E+00
   0.48200E+03   0.19148E+00   0.19739E+00   0.11859E-01   0.40073E+00   0.63303E+00
   0.48300E+03   0.19108E+00   0.19670E+00   0.11850E-01   0.39963E+00   0.63216E+00
   0.48400E+03   0.19068E+00   0.19600E+00   0.11840E-01   0.39853E+00   0.63129E+00
   0.48500E+03   0.19028E+00   0.19530E+00   0.11831E-01   0.39742E+00   0.63041E+00
   0.48600E+03   0.18988E+00   0.19460E+00   0.11822E-01   0.39630E+00   0.62952E+00
   0.48700E+03   0.18947E+00   0.19389E+00   0.11813E-01   0.39517E+00   0.62862E+00
   0.48800E+03   0.18906E+00   0.19317E+00   0.11804E-01   0.39403E+00   0.62772E+00
   0.48900E+03   0.18864E+00   0.19245E+00   0.11795E-01   0.39289E+00   0.62681E+00
   0.49000E+03   0.18822E+00   0.19173E+00   0.11787E-01   0.39174E+00   0.62589E+00
   0.49100E+03   0.18780E+00   0.19100E+00   0.11779E-01   0.39058E+00   0.62497E+00
   0.49200E+03   0.18738E+00   0.19027E+00   0.11771E-01   0.38942E+00   0.62403E+00
   0.49300E+03   0.18696E+00   0.18953E+00   0.11764E-01   0.38825E+00   0.62310E+00
   0.49400E+03   0.18653E+00   0.18879E+00   0.11757E-01   0.38707E+00   0.62215E+00
   0.49500E+03   0.18610E+00   0.18804E+00   0.11750E-01   0.38589E+00   0.62120E+00
   0.49600E+03   0.18567E+00   0.18729E+00   0.11744E-01   0.38470E+00   0.62024E+00
   0.49700E+03   0.18523E+00   0.18653E+00   0.11738E-01   0.38351E+00   0.61928E+00
   0.49800E+03   0.18480E+00   0.18577E+00   0.11732E-01   0.38230E+00   0.61831E+00
   0.49900E+03   0.18436E+00   0.18501E+00   0.11727E-01   0.38110E+00   0.61733E+00
   0.50000E+03   0.18392E+00   0.18425E+00   0.11722E-01   0.37989E+00   0.61635E+00
   0.50100E+03   0.18348E+00   0.18347E+00   0.11718E-01   0.37867E+00   0.61536E+00
   0.50200E+03   0.18303E+00   0.18270E+00   0.11713E-01   0.37745E+00   0.61437E+00
   0.50300E+03   0.18259E+00   0.18192E+00   0.11709E-01   0.37622E+00   0.61337E+00
   0.50400E+03   0.18214E+00   0.18114E+00   0.11705E-01   0.37499E+00   0.61236E+00
   0.50500E+03   0.18170E+00   0.18036E+00   0.11702E-01   0.37376E+00   0.61136E+00
   0.50600E+03   0.18125E+00   0.17957E+00   0.11698E-01   0.37252E+00   0.61034E+00
   0.50700E+03   0.18080E+00   0.17878E+00   0.11695E-01   0.37127E+00   0.60932E+00
   0.50800E+03   0.18035E+00   0.17799E+00   0.11691E-01   0.37003E+00   0.60830E+00
   0.50900E+03   0.17990E+00   0.17719E+00   0.11688E-01   0.36878E+00   0.60727E+00
   0.51000E+03   0.17945E+00   0.17639E+00   0.11685E-01   0.36753E+00   0.60624E+00
   0.51100E+03   0.17900E+00   0.17559E+00   0.11681E-01   0.36627E+00   0.60521E+00
   0.51200E+03   0.17855E+00   0.17479E+00   0.11678E-01   0.36502E+00   0.60417E+00
   0.51300E+03   0.17810E+00   0.17399E+00   0.11674E-01   0.36376E+00   0.60313E+00
   0.51400E+03   0.17765E+00   0.17318E+00   0.11670E-01   0.36250E+00   0.60208E+00
   0.51500E+03   0.17720E+00   0.17238E+00   0.11665E-01   0.36124E+00   0.60104E+00
   0.51600E+03   0.17675E+00   0.17157E+00   0.11661E-01   0.35998E+00   0.59999E+00
   0.51700E+03   0.17630E+00   0.17076E+00   0.11656E-01   0.35872E+00   0.59894E+00
   0.51800E+03   0.17586E+00   0.16996E+00   0.11651E-01   0.35747E+00   0.59788E+00
   0.51900E+03   0.17541E+00   0.16915E+00   0.11645E-01   0.35621E+00   0.59683E+00
   0.52000E+03   0.17497E+00   0.16834E+00   0.11639E-01   0.35495E+00   0.59578E+00
   0.52100E+03   0.17452E+00   0.16754E+00   0.11633E-01   0.35369E+00   0.59472E+00
   0.52200E+03   0.17408E+00   0.16673E+00   0.11627E-01   0.35244E+00   0.59367E+00
   0.52300E+03   0.17364E+00   0.16593E+00   0.11620E-01   0.35119E+00   0.59261E+00
   0.52400E+03   0.17320E+00   0.16513E+00   0.11613E-01   0.34994E+00   0.59156E+00
   0.52500E+03   0.17276E+00   0.16433E+00   0.11606E-01   0.34870E+00   0.59051E+00
   0.52600E+03   0.17233E+00   0.16353E+00   0.11598E-01   0.34745E+00   0.58945E+00
   0.52700E+03   0.17189E+00   0.16273E+00   0.11591E-01   0.34622E+00   0.58840E+00
   0.52800E+03   0.17146E+00   0.16194E+00   0.11584E-01   0.34498E+00   0.58735E+00
   0.52900E+03   0.17103E+00   0.16115E+00   0.11576E-01   0.34375E+00   0.58630E+00
   0.53000E+03   0.17060E+00   0.16036E+00   0.11569E-01   0.34253E+00   0.58526E+00
   0.53100E+03   0.17017E+00   0.15957E+00   0.11562E-01   0.34131E+00   0.58422E+00
   0.53200E+03   0.16975E+00   0.15879E+00   0.11556E-01   0.34010E+00   0.58318E+00
   0.53300E+03   0.16932E+00   0.15801E+00   0.11550E-01   0.33889E+00   0.58214E+00
   0.53400E+03   0.16890E+00   0.15724E+00   0.11544E-01   0.33768E+00   0.58111E+00
   0.53500E+03   0.16848E+00   0.15646E+00   0.11539E-01   0.33649E+00   0.58007E+00
   0.53600E+03   0.16806E+00   0.15570E+00   0.11535E-01   0.33530E+00   0.57905E+00
   0.53700E+03   0.16765E+00   0.15493E+00   0.11532E-01   0.33411E+00   0.57802E+00
   0.53800E+03   0.16723E+00   0.15417E+00   0.11529E-01   0.33293E+00   0.57700E+00
   0.53900E+03   0.16682E+00   0.15341E+00   0.11528E-01   0.33176E+00   0.57599E+00
   0.54000E+03   0.16641E+00   0.15266E+00   0.11527E-01   0.33059E+00   0.57497E+00
   0.54100E+03   0.16600E+00   0.15191E+00   0.11528E-01   0.32943E+00   0.57396E+00
   0.54200E+03   0.16559E+00   0.15116E+00   0.11529E-01   0.32828E+00   0.57296E+00
   0.54300E+03   0.16518E+00   0.15042E+00   0.11532E-01   0.32713E+00   0.57195E+00
   0.54400E+03   0.16477E+00   0.14968E+00   0.11536E-01   0.32599E+00   0.57095E+00
   0.54500E+03   0.16436E+00   0.14895E+00   0.11541E-01   0.32485E+00   0.56996E+00
   0.54600E+03   0.16396E+00   0.14822E+00   0.11547E-01   0.32372E+00   0.56897E+00
   0.54700E+03   0.16355E+00   0.14749E+00   0.11554E-01   0.32260E+00   0.56798E+00
   0.54800E+03   0.16314E+00   0.14677E+00   0.11562E-01   0.32148E+00   0.56699E+00
   0.54900E+03   0.16274E+00   0.14605E+00   0.11571E-01   0.32036E+00   0.56600E+00
   0.55000E+03   0.16233E+00   0.14533E+00   0.11580E-01   0.31925E+00   0.56502E+00
   0.55100E+03   0.16193E+00   0.14462E+00   0.11591E-01   0.31814E+00   0.56404E+00
   0.55200E+03   0.16152E+00   0.14391E+00   0.11601E-01   0.31704E+00   0.56306E+00
   0.55300E+03   0.16112E+00   0.14321E+00   0.11613E-01   0.31594E+00   0.56208E+00
   0.55400E+03   0.16071E+00   0.14251E+00   0.11624E-01   0.31484E+00   0.56111E+00
   0.55500E+03   0.16030E+00   0.14181E+00   0.11636E-01   0.31375E+00   0.56013E+00
   0.55600E+03   0.15989E+00   0.14111E+00   0.11647E-01   0.31265E+00   0.55915E+00
   0.55700E+03   0.15948E+00   0.14042E+00   0.11659E-01   0.31156E+00   0.55818E+00
   0.55800E+03   0.15907E+00   0.13973E+00   0.11670E-01   0.31047E+00   0.55720E+00
   0.55900E+03   0.15866E+00   0.13904E+00   0.11680E-01   0.30938E+00   0.55622E+00
   0.56000E+03   0.15824E+00   0.13836E+00   0.11690E-01   0.30829E+00   0.55524E+00
   0.56100E+03   0.15783E+00   0.13768E+00   0.11699E-01   0.30720E+00   0.55426E+00
   0.56200E+03   0.15740E+00   0.13700E+00   0.11707E-01   0.30611E+00   0.55327E+00
   0.56300E+03   0.15698E+00   0.13632E+00   0.11714E-01   0.30502E+00   0.55228E+00
   0.56400E+03   0.15655E+00   0.13565E+00   0.11719E-01   0.30392E+00   0.55129E+00
   0.56500E+03   0.15612E+00   0.13498E+00   0.11723E-01   0.30283E+00   0.55030E+00
   0.56600E+03   0.15569E+00   0.13431E+00   0.11726E-01   0.30173E+00   0.54930E+00
   0.56700E+03   0.15525E+00   0.13365E+00   0.11727E-01   0.30062E+00   0.54829E+00
   0.56800E+03   0.15481E+00   0.13298E+00   0.11726E-01   0.29952E+00   0.54728E+00
   0.56900E+03   0.15436E+00   0.13232E+00   0.11723E-01   0.29840E+00   0.54626E+00
   0.57000E+03   0.15391E+00   0.13166E+00   0.11718E-01   0.29729E+00   0.54524E+00
   0.57100E+03   0.15345E+00   0.13101E+00   0.11712E-01   0.29617E+00   0.54421E+00
   0.57200E+03   0.15299E+00   0.13035E+00   0.11703E-01   0.29504E+00   0.54318E+00
   0.57300E+03   0.15252E+00   0.12970E+00   0.11692E-01   0.29391E+00   0.54214E+00
   0.57400E+03   0.15205E+00   0.12905E+00   0.11680E-01   0.29277E+00   0.54109E+00
   0.57500E+03   0.15157E+00   0.12840E+00   0.11665E-01   0.29163E+00   0.54003E+00
   0.57600E+03   0.15108E+00   0.12775E+00   0.11649E-01   0.29048E+00   0.53896E+00
   0.57700E+03   0.15059E+00   0.12711E+00   0.11630E-01   0.28932E+00   0.53789E+00
   0.57800E+03   0.15009E+00   0.12646E+00   0.11610E-01   0.28816E+00   0.53681E+00
   0.57900E+03   0.14959E+00   0.12582E+00   0.11588E-01   0.28699E+00   0.53572E+00
   0.58000E+03   0.14907E+00   0.12518E+00   0.11564E-01   0.28582E+00   0.53462E+00
   0.58100E+03   0.14856E+00   0.12454E+00   0.11539E-01   0.28463E+00   0.53351E+00
   0.58200E+03   0.14803E+00   0.12390E+00   0.11512E-01   0.28344E+00   0.53239E+00
   0.58300E+03   0.14750E+00   0.12326E+00   0.11483E-01   0.28225E+00   0.53127E+00
   0.58400E+03   0.14696E+00   0.12263E+00   0.11454E-01   0.28104E+00   0.53014E+00
   0.58500E+03   0.14642E+00   0.12199E+00   0.11423E-01   0.27983E+00   0.52899E+00
   0.58600E+03   0.14586E+00   0.12136E+00   0.11391E-01   0.27862E+00   0.52784E+00
   0.58700E+03   0.14531E+00   0.12073E+00   0.11358E-01   0.27739E+00   0.52668E+00
   0.58800E+03   0.14474E+00   0.12010E+00   0.11324E-01   0.27616E+00   0.52551E+00
   0.58900E+03   0.14417E+00   0.11947E+00   0.11290E-01   0.27492E+00   0.52433E+00
   0.59000E+03   0.14359E+00   0.11884E+00   0.11255E-01   0.27368E+00   0.52314E+00
   0.59100E+03   0.14301E+00   0.11821E+00   0.11220E-01   0.27243E+00   0.52195E+00
   0.59200E+03   0.14241E+00   0.11758E+00   0.11185E-01   0.27118E+00   0.52075E+00
   0.59300E+03   0.14182E+00   0.11695E+00   0.11149E-01   0.26992E+00   0.51953E+00
   0.59400E+03   0.14122E+00   0.11632E+00   0.11114E-01   0.26865E+00   0.51831E+00
   0.59500E+03   0.14061E+00   0.11569E+00   0.11079E-01   0.26738E+00   0.51709E+00
   0.59600E+03   0.14000E+00   0.11506E+00   0.11044E-01   0.26610E+00   0.51585E+00
   0.59700E+03   0.13938E+00   0.11443E+00   0.11010E-01   0.26482E+00   0.51461E+00
   0.59800E+03   0.13876E+00   0.11380E+00   0.10976E-01   0.26354E+00   0.51336E+00
   0.59900E+03   0.13814E+00   0.11317E+00   0.10944E-01   0.26225E+00   0.51211E+00
   0.60000E+03   0.13751E+00   0.11254E+00   0.10912E-01   0.26096E+00   0.51084E+00
   0.60100E+03   0.13688E+00   0.11191E+00   0.10881E-01   0.25966E+00   0.50957E+00
   0.60200E+03   0.13624E+00   0.11127E+00   0.10851E-01   0.25837E+00   0.50830E+00
   0.60300E+03   0.13560E+00   0.11064E+00   0.10822E-01   0.25706E+00   0.50701E+00
   0.60400E+03   0.13496E+00   0.11000E+00   0.10794E-01   0.25576E+00   0.50573E+00
   0.60500E+03   0.13432E+00   0.10936E+00   0.10768E-01   0.25445E+00   0.50443E+00
   0.60600E+03   0.13368E+00   0.10872E+00   0.10742E-01   0.25314E+00   0.50313E+00
   0.60700E+03   0.13303E+00   0.10808E+00   0.10717E-01   0.25182E+00   0.50182E+00
   0.60800E+03   0.13238E+00   0.10743E+00   0.10694E-01   0.25050E+00   0.50050E+00
   0.60900E+03   0.13172E+00   0.10678E+00   0.10671E-01   0.24918E+00   0.49918E+00
   0.61000E+03   0.13107E+00   0.10613E+00   0.10648E-01   0.24785E+00   0.49784E+00
   0.61100E+03   0.13041E+00   0.10548E+00   0.10626E-01   0.24651E+00   0.49650E+00
   0.61200E+03   0.12975E+00   0.10482E+00   0.10605E-01   0.24517E+00   0.49515E+00
   0.61300E+03   0.12908E+00   0.10416E+00   0.10583E-01   0.24382E+00   0.49379E+00
   0.61400E+03   0.12841E+00   0.10350E+00   0.10562E-01   0.24247E+00   0.49241E+00
   0.61500E+03   0.12774E+00   0.10283E+00   0.10540E-01   0.24111E+00   0.49103E+00
   0.61600E+03   0.12706E+00   0.10216E+00   0.10518E-01   0.23974E+00   0.48963E+00
   0.61700E+03   0.12638E+00   0.10149E+00   0.10495E-01   0.23836E+00   0.48822E+00
   0.61800E+03   0.12569E+00   0.10081E+00   0.10472E-01   0.23697E+00   0.48680E+00
   0.61900E+03   0.12500E+00   0.10013E+00   0.10447E-01   0.23558E+00   0.48536E+00
   0.62000E+03   0.12430E+00   0.99447E-01   0.10422E-01   0.23417E+00   0.48391E+00
   0.62100E+03   0.12359E+00   0.98761E-01   0.10395E-01   0.23274E+00   0.48243E+00
   0.62200E+03   0.12287E+00   0.98070E-01   0.10366E-01   0.23131E+00   0.48095E+00
   0.62300E+03   0.12215E+00   0.97376E-01   0.10336E-01   0.22986E+00   0.47944E+00
   0.62400E+03   0.12141E+00   0.96679E-01   0.10304E-01   0.22840E+00   0.47791E+00
   0.62500E+03   0.12067E+00   0.95978E-01   0.10270E-01   0.22692E+00   0.47636E+00
   0.62600E+03   0.11992E+00   0.95274E-01   0.10235E-01   0.22542E+00   0.47479E+00
   0.62700E+03   0.11915E+00   0.94567E-01   0.10197E-01   0.22391E+00   0.47319E+00
   0.62800E+03   0.11837E+00   0.93856E-01   0.10156E-01   0.22238E+00   0.47158E+00
   0.62900E+03   0.11758E+00   0.93143E-01   0.10114E-01   0.22084E+00   0.46993E+00
   0.63000E+03   0.11678E+00   0.92425E-01   0.10069E-01   0.21927E+00   0.46826E+00
   0.63100E+03   0.11596E+00   0.91705E-01   0.10022E-01   0.21769E+00   0.46657E+00
   0.63200E+03   0.11513E+00   0.90981E-01   0.99721E-02   0.21608E+00   0.46485E+00
   0.63300E+03   0.11428E+00   0.90254E-01   0.99203E-02   0.21446E+00   0.46310E+00
   0.63400E+03   0.11342E+00   0.89524E-01   0.98663E-02   0.21281E+00   0.46132E+00
   0.63500E+03   0.11255E+00   0.88792E-01   0.98100E-02   0.21115E+00   0.45951E+00
   0.63600E+03   0.11165E+00   0.88056E-01   0.97517E-02   0.20946E+00   0.45767E+00
   0.63700E+03   0.11075E+00   0.87317E-01   0.96914E-02   0.20776E+00   0.45580E+00
   0.63800E+03   0.10983E+00   0.86575E-01   0.96293E-02   0.20603E+00   0.45391E+00
   0.63900E+03   0.10889E+00   0.85831E-01   0.95655E-02   0.20429E+00   0.45198E+00
   0.64000E+03   0.10794E+00   0.85084E-01   0.95002E-02   0.20252E+00   0.45002E+00
   0.64100E+03   0.10697E+00   0.84334E-01   0.94336E-02   0.20074E+00   0.44804E+00
   0.64200E+03   0.10599E+00   0.83582E-01   0.93659E-02   0.19894E+00   0.44602E+00
   0.64300E+03   0.10499E+00   0.82827E-01   0.92973E-02   0.19712E+00   0.44398E+00
   0.64400E+03   0.10399E+00   0.82070E-01   0.92282E-02   0.19529E+00   0.44191E+00
   0.64500E+03   0.10297E+00   0.81311E-01   0.91587E-02   0.19344E+00   0.43981E+00
   0.64600E+03   0.10193E+00   0.80549E-01   0.90890E-02   0.19157E+00   0.43769E+00
   0.64700E+03   0.10089E+00   0.79786E-01   0.90195E-02   0.18969E+00   0.43554E+00
   0.64800E+03   0.99835E-01   0.79020E-01   0.89504E-02   0.18780E+00   0.43336E+00
   0.64900E+03   0.98770E-01   0.78252E-01   0.88818E-02   0.18590E+00   0.43117E+00
   0.65000E+03   0.97695E-01   0.77482E-01   0.88140E-02   0.18399E+00   0.42894E+00
   0.65100E+03   0.96612E-01   0.76711E-01   0.87470E-02   0.18207E+00   0.42670E+00
   0.65200E+03   0.95521E-01   0.75937E-01   0.86811E-02   0.18014E+00   0.42443E+00
   0.65300E+03   0.94422E-01   0.75162E-01   0.86164E-02   0.17820E+00   0.42214E+00
   0.65400E+03   0.93315E-01   0.74385E-01   0.85530E-02   0.17625E+00   0.41983E+00
   0.65500E+03   0.92203E-01   0.73607E-01   0.84907E-02   0.17430E+00   0.41749E+00
   0.65600E+03   0.91084E-01   0.72826E-01   0.84297E-02   0.17234E+00   0.41514E+00
   0.65700E+03   0.89960E-01   0.72044E-01   0.83698E-02   0.17037E+00   0.41276E+00
   0.65800E+03   0.88830E-01   0.71261E-01   0.83109E-02   0.16840E+00   0.41037E+00
   0.65900E+03   0.87696E-01   0.70476E-01   0.82530E-02   0.16642E+00   0.40795E+00
   0.66000E+03   0.86558E-01   0.69689E-01   0.81958E-02   0.16444E+00   0.40552E+00
   0.66100E+03   0.85417E-01   0.68901E-01   0.81391E-02   0.16246E+00   0.40306E+00
   0.66200E+03   0.84272E-01   0.68111E-01   0.80828E-02   0.16047E+00   0.40058E+00
   0.66300E+03   0.83125E-01   0.67321E-01   0.80267E-02   0.15847E+00   0.39809E+00
   0.66400E+03   0.81976E-01   0.66529E-01   0.79706E-02   0.15648E+00   0.39557E+00
   0.66500E+03   0.80825E-01   0.65737E-01   0.79143E-02   0.15448E+00   0.39304E+00
   0.66600E+03   0.79675E-01   0.64944E-01   0.78577E-02   0.15248E+00   0.39048E+00
   0.66700E+03   0.78524E-01   0.64152E-01   0.78004E-02   0.15048E+00   0.38791E+00
   0.66800E+03   0.77375E-01   0.63360E-01   0.77425E-02   0.14848E+00   0.38533E+00
   0.66900E+03   0.76229E-01   0.62570E-01   0.76838E-02   0.14648E+00   0.38273E+00
   0.67000E+03   0.75086E-01   0.61782E-01   0.76241E-02   0.14449E+00   0.38012E+00
   0.67100E+03   0.73948E-01   0.60998E-01   0.75636E-02   0.14251E+00   0.37750E+00
   0.67200E+03   0.72816E-01   0.60218E-01   0.75020E-02   0.14054E+00   0.37488E+00
   0.67300E+03   0.71691E-01   0.59443E-01   0.74396E-02   0.13857E+00   0.37226E+00
   0.67400E+03   0.70576E-01   0.58676E-01   0.73763E-02   0.13663E+00   0.36963E+00
   0.67500E+03   0.69471E-01   0.57918E-01   0.73122E-02   0.13470E+00   0.36702E+00
   0.67600E+03   0.68378E-01   0.57170E-01   0.72474E-02   0.13280E+00   0.36441E+00
   0.67700E+03   0.67300E-01   0.56435E-01   0.71819E-02   0.13092E+00   0.36182E+00
   0.67800E+03   0.66238E-01   0.55714E-01   0.71158E-02   0.12907E+00   0.35926E+00
   0.67900E+03   0.65193E-01   0.55008E-01   0.70493E-02   0.12725E+00   0.35672E+00
   0.68000E+03   0.64167E-01   0.54321E-01   0.69823E-02   0.12547E+00   0.35422E+00
   0.68100E+03   0.63162E-01   0.53653E-01   0.69149E-02   0.12373E+00   0.35175E+00
   0.68200E+03   0.62179E-01   0.53005E-01   0.68471E-02   0.12203E+00   0.34933E+00
   0.68300E+03   0.61220E-01   0.52380E-01   0.67790E-02   0.12038E+00   0.34696E+00
   0.68400E+03   0.60286E-01   0.51779E-01   0.67105E-02   0.11878E+00   0.34464E+00
   0.68500E+03   0.59378E-01   0.51203E-01   0.66418E-02   0.11722E+00   0.34238E+00
   0.68600E+03   0.58497E-01   0.50652E-01   0.65729E-02   0.11572E+00   0.34018E+00
   0.68700E+03   0.57644E-01   0.50128E-01   0.65037E-02   0.11428E+00   0.33805E+00
   0.68800E+03   0.56820E-01   0.49630E-01   0.64345E-02   0.11288E+00   0.33598E+00
   0.68900E+03   0.56024E-01   0.49158E-01   0.63652E-02   0.11155E+00   0.33399E+00
   0.69000E+03   0.55258E-01   0.48713E-01   0.62962E-02   0.11027E+00   0.33206E+00
   0.69100E+03   0.54522E-01   0.48293E-01   0.62276E-02   0.10904E+00   0.33022E+00
   0.69200E+03   0.53815E-01   0.47898E-01   0.61596E-02   0.10787E+00   0.32844E+00
   0.69300E+03   0.53138E-01   0.47528E-01   0.60926E-02   0.10676E+00   0.32674E+00
   0.69400E+03   0.52489E-01   0.47180E-01   0.60268E-02   0.10570E+00   0.32511E+00
   0.69500E+03   0.51869E-01   0.46855E-01   0.59625E-02   0.10469E+00   0.32355E+00
   0.69600E+03   0.51277E-01   0.46551E-01   0.59001E-02   0.10373E+00   0.32207E+00
   0.69700E+03   0.50712E-01   0.46266E-01   0.58398E-02   0.10282E+00   0.32065E+00
   0.69800E+03   0.50173E-01   0.46000E-01   0.57819E-02   0.10196E+00   0.31930E+00
   0.69900E+03   0.49660E-01   0.45751E-01   0.57266E-02   0.10114E+00   0.31802E+00
   0.70000E+03   0.49172E-01   0.45518E-01   0.56742E-02   0.10036E+00   0.31680E+00
   0.70100E+03   0.48707E-01   0.45300E-01   0.56249E-02   0.99632E-01   0.31565E+00
   0.70200E+03   0.48265E-01   0.45097E-01   0.55788E-02   0.98941E-01   0.31455E+00
   0.70300E+03   0.47845E-01   0.44906E-01   0.55359E-02   0.98287E-01   0.31351E+00
   0.70400E+03   0.47446E-01   0.44728E-01   0.54963E-02   0.97671E-01   0.31252E+00
   0.70500E+03   0.47067E-01   0.44562E-01   0.54599E-02   0.97089E-01   0.31159E+00
   0.70600E+03   0.46707E-01   0.44406E-01   0.54267E-02   0.96539E-01   0.31071E+00
   0.70700E+03   0.46365E-01   0.44259E-01   0.53965E-02   0.96021E-01   0.30987E+00
   0.70800E+03   0.46040E-01   0.44122E-01   0.53692E-02   0.95532E-01   0.30908E+00
   0.70900E+03   0.45732E-01   0.43993E-01   0.53446E-02   0.95070E-01   0.30833E+00
   0.71000E+03   0.45439E-01   0.43871E-01   0.53224E-02   0.94633E-01   0.30763E+00
   0.71100E+03   0.45161E-01   0.43756E-01   0.53025E-02   0.94220E-01   0.30695E+00
   0.71200E+03   0.44896E-01   0.43647E-01   0.52846E-02   0.93828E-01   0.30631E+00
   0.71300E+03   0.44645E-01   0.43542E-01   0.52684E-02   0.93455E-01   0.30570E+00
   0.71400E+03   0.44405E-01   0.43442E-01   0.52538E-02   0.93101E-01   0.30512E+00
   0.71500E+03   0.44177E-01   0.43345E-01   0.52404E-02   0.92763E-01   0.30457E+00
   0.71600E+03   0.43960E-01   0.43251E-01   0.52282E-02   0.92439E-01   0.30404E+00
   0.71700E+03   0.43753E-01   0.43159E-01   0.52170E-02   0.92129E-01   0.30353E+00
   0.71800E+03   0.43556E-01   0.43069E-01   0.52066E-02   0.91831E-01   0.30304E+00
   0.71900E+03   0.43368E-01   0.42980E-01   0.51969E-02   0.91545E-01   0.30256E+00
   0.72000E+03   0.43189E-01   0.42892E-01   0.51878E-02   0.91268E-01   0.30211E+00
   0.72100E+03   0.43018E-01   0.42803E-01   0.51792E-02   0.91001E-01   0.30166E+00
   0.72200E+03   0.42856E-01   0.42715E-01   0.51711E-02   0.90742E-01   0.30123E+00
   0.72300E+03   0.42702E-01   0.42627E-01   0.51634E-02   0.90492E-01   0.30082E+00
   0.72400E+03   0.42555E-01   0.42538E-01   0.51562E-02   0.90249E-01   0.30041E+00
   0.72500E+03   0.42416E-01   0.42448E-01   0.51493E-02   0.90013E-01   0.30002E+00
   0.72600E+03   0.42284E-01   0.42358E-01   0.51429E-02   0.89784E-01   0.29964E+00
   0.72700E+03   0.42159E-01   0.42267E-01   0.51368E-02   0.89563E-01   0.29927E+00
   0.72800E+03   0.42041E-01   0.42175E-01   0.51312E-02   0.89347E-01   0.29891E+00
   0.72900E+03   0.41930E-01   0.42082E-01   0.51258E-02   0.89138E-01   0.29856E+00
   0.73000E+03   0.41826E-01   0.41989E-01   0.51208E-02   0.88936E-01   0.29822E+00
   0.73100E+03   0.41727E-01   0.41895E-01   0.51160E-02   0.88739E-01   0.29789E+00
   0.73200E+03   0.41635E-01   0.41801E-01   0.51115E-02   0.88548E-01   0.29757E+00
   0.73300E+03   0.41549E-01   0.41707E-01   0.51072E-02   0.88363E-01   0.29726E+00
   0.73400E+03   0.41469E-01   0.41612E-01   0.51029E-02   0.88184E-01   0.29696E+00
   0.73500E+03   0.41394E-01   0.41518E-01   0.50987E-02   0.88010E-01   0.29667E+00
   0.73600E+03   0.41324E-01   0.41423E-01   0.50944E-02   0.87842E-01   0.29638E+00
   0.73700E+03   0.41260E-01   0.41329E-01   0.50900E-02   0.87679E-01   0.29611E+00
   0.73800E+03   0.41200E-01   0.41235E-01   0.50854E-02   0.87520E-01   0.29584E+00
   0.73900E+03   0.41145E-01   0.41141E-01   0.50805E-02   0.87367E-01   0.29558E+00
   0.74000E+03   0.41094E-01   0.41048E-01   0.50753E-02   0.87217E-01   0.29533E+00
   0.74100E+03   0.41047E-01   0.40955E-01   0.50697E-02   0.87072E-01   0.29508E+00
   0.74200E+03   0.41004E-01   0.40864E-01   0.50636E-02   0.86931E-01   0.29484E+00
   0.74300E+03   0.40964E-01   0.40772E-01   0.50571E-02   0.86794E-01   0.29461E+00
   0.74400E+03   0.40928E-01   0.40682E-01   0.50501E-02   0.86660E-01   0.29438E+00
   0.74500E+03   0.40895E-01   0.40592E-01   0.50427E-02   0.86530E-01   0.29416E+00
   0.74600E+03   0.40865E-01   0.40503E-01   0.50349E-02   0.86403E-01   0.29394E+00
   0.74700E+03   0.40838E-01   0.40415E-01   0.50266E-02   0.86279E-01   0.29373E+00
   0.74800E+03   0.40813E-01   0.40328E-01   0.50181E-02   0.86159E-01   0.29353E+00
   0.74900E+03   0.40791E-01   0.40242E-01   0.50094E-02   0.86042E-01   0.29333E+00
   0.75000E+03   0.40771E-01   0.40157E-01   0.50006E-02   0.85929E-01   0.29314E+00
   0.75100E+03   0.40754E-01   0.40073E-01   0.49918E-02   0.85819E-01   0.29295E+00
   0.75200E+03   0.40738E-01   0.39991E-01   0.49832E-02   0.85712E-01   0.29277E+00
   0.75300E+03   0.40724E-01   0.39911E-01   0.49748E-02   0.85610E-01   0.29259E+00
   0.75400E+03   0.40712E-01   0.39832E-01   0.49669E-02   0.85511E-01   0.29242E+00
   0.75500E+03   0.40702E-01   0.39755E-01   0.49595E-02   0.85417E-01   0.29226E+00
   0.75600E+03   0.40694E-01   0.39681E-01   0.49529E-02   0.85327E-01   0.29211E+00
   0.75700E+03   0.40687E-01   0.39608E-01   0.49472E-02   0.85242E-01   0.29196E+00
   0.75800E+03   0.40682E-01   0.39538E-01   0.49425E-02   0.85162E-01   0.29183E+00
   0.75900E+03   0.40678E-01   0.39470E-01   0.49390E-02   0.85087E-01   0.29170E+00
   0.76000E+03   0.40675E-01   0.39405E-01   0.49368E-02   0.85017E-01   0.29158E+00
   0.76100E+03   0.40674E-01   0.39343E-01   0.49360E-02   0.84953E-01   0.29147E+00
   0.76200E+03   0.40673E-01   0.39284E-01   0.49367E-02   0.84894E-01   0.29137E+00
   0.76300E+03   0.40674E-01   0.39227E-01   0.49389E-02   0.84840E-01   0.29127E+00
   0.76400E+03   0.40676E-01   0.39174E-01   0.49427E-02   0.84792E-01   0.29119E+00
   0.76500E+03   0.40678E-01   0.39123E-01   0.49480E-02   0.84749E-01   0.29112E+00
   0.76600E+03   0.40681E-01   0.39075E-01   0.49549E-02   0.84711E-01   0.29105E+00
   0.76700E+03   0.40684E-01   0.39030E-01   0.49634E-02   0.84677E-01   0.29099E+00
   0.76800E+03   0.40688E-01   0.38988E-01   0.49733E-02   0.84649E-01   0.29094E+00
   0.76900E+03   0.40692E-01   0.38948E-01   0.49846E-02   0.84624E-01   0.29090E+00
   0.77000E+03   0.40696E-01   0.38911E-01   0.49972E-02   0.84604E-01   0.29087E+00
   0.77100E+03   0.40700E-01   0.38876E-01   0.50109E-02   0.84587E-01   0.29084E+00
   0.77200E+03   0.40703E-01   0.38844E-01   0.50256E-02   0.84573E-01   0.29081E+00
   0.77300E+03   0.40707E-01   0.38814E-01   0.50412E-02   0.84561E-01   0.29079E+00
   0.77400E+03   0.40709E-01   0.38785E-01   0.50574E-02   0.84552E-01   0.29078E+00
   0.77500E+03   0.40711E-01   0.38758E-01   0.50743E-02   0.84544E-01   0.29076E+00
   0.77600E+03   0.40712E-01   0.38733E-01   0.50914E-02   0.84536E-01   0.29075E+00
   0.77700E+03   0.40712E-01   0.38708E-01   0.51088E-02   0.84529E-01   0.29074E+00
   0.77800E+03   0.40711E-01   0.38685E-01   0.51262E-02   0.84522E-01   0.29073E+00
   0.77900E+03   0.40708E-01   0.38662E-01   0.51435E-02   0.84513E-01   0.29071E+00
   0.78000E+03   0.40704E-01   0.38639E-01   0.51605E-02   0.84503E-01   0.29069E+00
   0.78100E+03   0.40698E-01   0.38615E-01   0.51771E-02   0.84490E-01   0.29067E+00
   0.78200E+03   0.40690E-01   0.38592E-01   0.51932E-02   0.84475E-01   0.29065E+00
   0.78300E+03   0.40681E-01   0.38567E-01   0.52087E-02   0.84456E-01   0.29061E+00
   0.78400E+03   0.40669E-01   0.38541E-01   0.52235E-02   0.84434E-01   0.29058E+00
   0.78500E+03   0.40656E-01   0.38515E-01   0.52376E-02   0.84409E-01   0.29053E+00
   0.78600E+03   0.40641E-01   0.38486E-01   0.52509E-02   0.84379E-01   0.29048E+00
   0.78700E+03   0.40624E-01   0.38457E-01   0.52634E-02   0.84344E-01   0.29042E+00
   0.78800E+03   0.40605E-01   0.38425E-01   0.52751E-02   0.84306E-01   0.29035E+00
   0.78900E+03   0.40584E-01   0.38392E-01   0.52861E-02   0.84262E-01   0.29028E+00
   0.79000E+03   0.40561E-01   0.38357E-01   0.52964E-02   0.84215E-01   0.29020E+00
   0.79100E+03   0.40535E-01   0.38321E-01   0.53061E-02   0.84162E-01   0.29011E+00
   0.79200E+03   0.40507E-01   0.38283E-01   0.53152E-02   0.84105E-01   0.29001E+00
   0.79300E+03   0.40477E-01   0.38243E-01   0.53238E-02   0.84043E-01   0.28990E+00
   0.79400E+03   0.40443E-01   0.38201E-01   0.53320E-02   0.83976E-01   0.28979E+00
   0.79500E+03   0.40407E-01   0.38158E-01   0.53399E-02   0.83905E-01   0.28966E+00
   0.79600E+03   0.40367E-01   0.38114E-01   0.53476E-02   0.83828E-01   0.28953E+00
   0.79700E+03   0.40323E-01   0.38068E-01   0.53551E-02   0.83746E-01   0.28939E+00
   0.79800E+03   0.40276E-01   0.38020E-01   0.53626E-02   0.83659E-01   0.28924E+00
   0.79900E+03   0.40224E-01   0.37971E-01   0.53701E-02   0.83565E-01   0.28908E+00
   0.80000E+03   0.40167E-01   0.37921E-01   0.53776E-02   0.83466E-01   0.28890E+00
   0.80100E+03   0.40106E-01   0.37869E-01   0.53852E-02   0.83360E-01   0.28872E+00
   0.80200E+03   0.40040E-01   0.37816E-01   0.53930E-02   0.83248E-01   0.28853E+00
   0.80300E+03   0.39967E-01   0.37761E-01   0.54009E-02   0.83130E-01   0.28832E+00
   0.80400E+03   0.39890E-01   0.37706E-01   0.54090E-02   0.83004E-01   0.28810E+00
   0.80500E+03   0.39806E-01   0.37649E-01   0.54172E-02   0.82872E-01   0.28787E+00
   0.80600E+03   0.39717E-01   0.37591E-01   0.54256E-02   0.82733E-01   0.28763E+00
   0.80700E+03   0.39621E-01   0.37531E-01   0.54342E-02   0.82587E-01   0.28738E+00
   0.80800E+03   0.39520E-01   0.37471E-01   0.54428E-02   0.82434E-01   0.28711E+00
   0.80900E+03   0.39413E-01   0.37410E-01   0.54515E-02   0.82275E-01   0.28684E+00
   0.81000E+03   0.39300E-01   0.37348E-01   0.54602E-02   0.82109E-01   0.28655E+00
   0.81100E+03   0.39182E-01   0.37286E-01   0.54688E-02   0.81936E-01   0.28625E+00
   0.81200E+03   0.39059E-01   0.37222E-01   0.54774E-02   0.81758E-01   0.28593E+00
   0.81300E+03   0.38930E-01   0.37158E-01   0.54859E-02   0.81574E-01   0.28561E+00
   0.81400E+03   0.38798E-01   0.37093E-01   0.54941E-02   0.81385E-01   0.28528E+00
   0.81500E+03   0.38660E-01   0.37028E-01   0.55021E-02   0.81191E-01   0.28494E+00
   0.81600E+03   0.38519E-01   0.36963E-01   0.55098E-02   0.80992E-01   0.28459E+00
   0.81700E+03   0.38374E-01   0.36897E-01   0.55172E-02   0.80788E-01   0.28423E+00
   0.81800E+03   0.38225E-01   0.36831E-01   0.55242E-02   0.80580E-01   0.28387E+00
   0.81900E+03   0.38074E-01   0.36764E-01   0.55308E-02   0.80368E-01   0.28349E+00
   0.82000E+03   0.37919E-01   0.36697E-01   0.55370E-02   0.80153E-01   0.28311E+00
   0.82100E+03   0.37761E-01   0.36630E-01   0.55429E-02   0.79934E-01   0.28273E+00
   0.82200E+03   0.37601E-01   0.36563E-01   0.55485E-02   0.79712E-01   0.28233E+00
   0.82300E+03   0.37439E-01   0.36495E-01   0.55539E-02   0.79488E-01   0.28194E+00
   0.82400E+03   0.37274E-01   0.36428E-01   0.55593E-02   0.79261E-01   0.28153E+00
   0.82500E+03   0.37107E-01   0.36360E-01   0.55646E-02   0.79032E-01   0.28113E+00
   0.82600E+03   0.36939E-01   0.36293E-01   0.55702E-02   0.78802E-01   0.28072E+00
   0.82700E+03   0.36768E-01   0.36226E-01   0.55760E-02   0.78570E-01   0.28030E+00
   0.82800E+03   0.36596E-01   0.36160E-01   0.55823E-02   0.78338E-01   0.27989E+00
   0.82900E+03   0.36422E-01   0.36094E-01   0.55892E-02   0.78105E-01   0.27947E+00
   0.83000E+03   0.36246E-01   0.36028E-01   0.55969E-02   0.77871E-01   0.27905E+00
   0.83100E+03   0.36069E-01   0.35964E-01   0.56055E-02   0.77638E-01   0.27864E+00
   0.83200E+03   0.35891E-01   0.35900E-01   0.56151E-02   0.77406E-01   0.27822E+00
   0.83300E+03   0.35711E-01   0.35838E-01   0.56259E-02   0.77175E-01   0.27780E+00
   0.83400E+03   0.35531E-01   0.35777E-01   0.56378E-02   0.76945E-01   0.27739E+00
   0.83500E+03   0.35349E-01   0.35717E-01   0.56509E-02   0.76718E-01   0.27698E+00
   0.83600E+03   0.35167E-01   0.35659E-01   0.56653E-02   0.76492E-01   0.27657E+00
   0.83700E+03   0.34985E-01   0.35603E-01   0.56809E-02   0.76269E-01   0.27617E+00
   0.83800E+03   0.34803E-01   0.35548E-01   0.56976E-02   0.76049E-01   0.27577E+00
   0.83900E+03   0.34620E-01   0.35496E-01   0.57154E-02   0.75831E-01   0.27537E+00
   0.84000E+03   0.34438E-01   0.35445E-01   0.57341E-02   0.75617E-01   0.27499E+00
   0.84100E+03   0.34256E-01   0.35396E-01   0.57536E-02   0.75406E-01   0.27460E+00
   0.84200E+03   0.34075E-01   0.35349E-01   0.57736E-02   0.75198E-01   0.27422E+00
   0.84300E+03   0.33895E-01   0.35304E-01   0.57941E-02   0.74993E-01   0.27385E+00
   0.84400E+03   0.33715E-01   0.35261E-01   0.58147E-02   0.74791E-01   0.27348E+00
   0.84500E+03   0.33536E-01   0.35220E-01   0.58353E-02   0.74592E-01   0.27311E+00
   0.84600E+03   0.33359E-01   0.35180E-01   0.58556E-02   0.74395E-01   0.27275E+00
   0.84700E+03   0.33182E-01   0.35142E-01   0.58753E-02   0.74199E-01   0.27240E+00
   0.84800E+03   0.33006E-01   0.35106E-01   0.58943E-02   0.74006E-01   0.27204E+00
   0.84900E+03   0.32831E-01   0.35070E-01   0.59122E-02   0.73813E-01   0.27169E+00
   0.85000E+03   0.32657E-01   0.35036E-01   0.59289E-02   0.73621E-01   0.27133E+00
   0.85100E+03   0.32483E-01   0.35002E-01   0.59442E-02   0.73429E-01   0.27098E+00
   0.85200E+03   0.32310E-01   0.34968E-01   0.59578E-02   0.73237E-01   0.27062E+00
   0.85300E+03   0.32138E-01   0.34935E-01   0.59695E-02   0.73043E-01   0.27026E+00
   0.85400E+03   0.31966E-01   0.34901E-01   0.59792E-02   0.72847E-01   0.26990E+00
   0.85500E+03   0.31795E-01   0.34867E-01   0.59867E-02   0.72649E-01   0.26953E+00
   0.85600E+03   0.31624E-01   0.34832E-01   0.59918E-02   0.72448E-01   0.26916E+00
   0.85700E+03   0.31453E-01   0.34795E-01   0.59944E-02   0.72243E-01   0.26878E+00
   0.85800E+03   0.31282E-01   0.34757E-01   0.59945E-02   0.72033E-01   0.26839E+00
   0.85900E+03   0.31111E-01   0.34716E-01   0.59919E-02   0.71819E-01   0.26799E+00
   0.86000E+03   0.30941E-01   0.34673E-01   0.59867E-02   0.71600E-01   0.26758E+00
   0.86100E+03   0.30770E-01   0.34626E-01   0.59788E-02   0.71374E-01   0.26716E+00
   0.86200E+03   0.30598E-01   0.34576E-01   0.59682E-02   0.71142E-01   0.26672E+00
   0.86300E+03   0.30427E-01   0.34521E-01   0.59549E-02   0.70903E-01   0.26628E+00
   0.86400E+03   0.30256E-01   0.34462E-01   0.59391E-02   0.70657E-01   0.26581E+00
   0.86500E+03   0.30084E-01   0.34398E-01   0.59209E-02   0.70402E-01   0.26533E+00
   0.86600E+03   0.29912E-01   0.34328E-01   0.59004E-02   0.70140E-01   0.26484E+00
   0.86700E+03   0.29739E-01   0.34252E-01   0.58777E-02   0.69869E-01   0.26433E+00
   0.86800E+03   0.29567E-01   0.34169E-01   0.58531E-02   0.69589E-01   0.26380E+00
   0.86900E+03   0.29394E-01   0.34079E-01   0.58269E-02   0.69300E-01   0.26325E+00
   0.87000E+03   0.29220E-01   0.33982E-01   0.57992E-02   0.69001E-01   0.26268E+00
   0.87100E+03   0.29046E-01   0.33877E-01   0.57704E-02   0.68693E-01   0.26209E+00
   0.87200E+03   0.28871E-01   0.33765E-01   0.57407E-02   0.68376E-01   0.26149E+00
   0.87300E+03   0.28695E-01   0.33644E-01   0.57105E-02   0.68049E-01   0.26086E+00
   0.87400E+03   0.28519E-01   0.33515E-01   0.56800E-02   0.67714E-01   0.26022E+00
   0.87500E+03   0.28343E-01   0.33378E-01   0.56495E-02   0.67370E-01   0.25956E+00
   0.87600E+03   0.28166E-01   0.33233E-01   0.56194E-02   0.67018E-01   0.25888E+00
   0.87700E+03   0.27989E-01   0.33080E-01   0.55899E-02   0.66659E-01   0.25818E+00
   0.87800E+03   0.27812E-01   0.32920E-01   0.55614E-02   0.66293E-01   0.25747E+00
   0.87900E+03   0.27635E-01   0.32753E-01   0.55341E-02   0.65922E-01   0.25675E+00
   0.88000E+03   0.27458E-01   0.32579E-01   0.55086E-02   0.65546E-01   0.25602E+00
   0.88100E+03   0.27281E-01   0.32400E-01   0.54849E-02   0.65167E-01   0.25528E+00
   0.88200E+03   0.27105E-01   0.32216E-01   0.54635E-02   0.64785E-01   0.25453E+00
   0.88300E+03   0.26930E-01   0.32028E-01   0.54446E-02   0.64403E-01   0.25378E+00
   0.88400E+03   0.26756E-01   0.31837E-01   0.54285E-02   0.64021E-01   0.25302E+00
   0.88500E+03   0.26583E-01   0.31644E-01   0.54154E-02   0.63642E-01   0.25227E+00
   0.88600E+03   0.26411E-01   0.31449E-01   0.54055E-02   0.63265E-01   0.25153E+00
   0.88700E+03   0.26240E-01   0.31254E-01   0.53991E-02   0.62893E-01   0.25078E+00
   0.88800E+03   0.26071E-01   0.31059E-01   0.53963E-02   0.62526E-01   0.25005E+00
   0.88900E+03   0.25903E-01   0.30866E-01   0.53972E-02   0.62166E-01   0.24933E+00
   0.89000E+03   0.25736E-01   0.30676E-01   0.54019E-02   0.61814E-01   0.24862E+00
   0.89100E+03   0.25571E-01   0.30489E-01   0.54105E-02   0.61470E-01   0.24793E+00
   0.89200E+03   0.25406E-01   0.30306E-01   0.54231E-02   0.61136E-01   0.24726E+00
   0.89300E+03   0.25243E-01   0.30128E-01   0.54394E-02   0.60811E-01   0.24660E+00
   0.89400E+03   0.25081E-01   0.29956E-01   0.54595E-02   0.60497E-01   0.24596E+00
   0.89500E+03   0.24920E-01   0.29791E-01   0.54833E-02   0.60194E-01   0.24534E+00
   0.89600E+03   0.24759E-01   0.29632E-01   0.55106E-02   0.59901E-01   0.24475E+00
   0.89700E+03   0.24598E-01   0.29480E-01   0.55413E-02   0.59620E-01   0.24417E+00
   0.89800E+03   0.24438E-01   0.29336E-01   0.55752E-02   0.59349E-01   0.24362E+00
   0.89900E+03   0.24278E-01   0.29199E-01   0.56120E-02   0.59089E-01   0.24308E+00
   0.90000E+03   0.24118E-01   0.29071E-01   0.56515E-02   0.58840E-01   0.24257E+00
   0.90100E+03   0.23957E-01   0.28950E-01   0.56933E-02   0.58601E-01   0.24208E+00
   0.90200E+03   0.23797E-01   0.28838E-01   0.57371E-02   0.58372E-01   0.24160E+00
   0.90300E+03   0.23637E-01   0.28733E-01   0.57825E-02   0.58153E-01   0.24115E+00
   0.90400E+03   0.23478E-01   0.28637E-01   0.58291E-02   0.57944E-01   0.24072E+00
   0.90500E+03   0.23319E-01   0.28548E-01   0.58765E-02   0.57744E-01   0.24030E+00
   0.90600E+03   0.23161E-01   0.28467E-01   0.59241E-02   0.57553E-01   0.23990E+00
   0.90700E+03   0.23005E-01   0.28394E-01   0.59716E-02   0.57370E-01   0.23952E+00
   0.90800E+03   0.22851E-01   0.28327E-01   0.60182E-02   0.57196E-01   0.23916E+00
   0.90900E+03   0.22699E-01   0.28268E-01   0.60636E-02   0.57031E-01   0.23881E+00
   0.91000E+03   0.22551E-01   0.28215E-01   0.61070E-02   0.56873E-01   0.23848E+00
   0.91100E+03   0.22406E-01   0.28168E-01   0.61481E-02   0.56723E-01   0.23816E+00
   0.91200E+03   0.22266E-01   0.28127E-01   0.61862E-02   0.56580E-01   0.23787E+00
   0.91300E+03   0.22131E-01   0.28092E-01   0.62209E-02   0.56444E-01   0.23758E+00
   0.91400E+03   0.22001E-01   0.28062E-01   0.62518E-02   0.56315E-01   0.23731E+00
   0.91500E+03   0.21878E-01   0.28037E-01   0.62784E-02   0.56193E-01   0.23705E+00
   0.91600E+03   0.21761E-01   0.28016E-01   0.63005E-02   0.56077E-01   0.23681E+00
   0.91700E+03   0.21652E-01   0.27998E-01   0.63179E-02   0.55968E-01   0.23657E+00
   0.91800E+03   0.21550E-01   0.27984E-01   0.63303E-02   0.55864E-01   0.23636E+00
   0.91900E+03   0.21456E-01   0.27973E-01   0.63377E-02   0.55766E-01   0.23615E+00
   0.92000E+03   0.21370E-01   0.27964E-01   0.63401E-02   0.55674E-01   0.23595E+00
