    #Time(fs)    x-MSD(A^2)    y-MSD(A^2)    z-MSD(A^2)    tot-MSD(A^2)  sqrt(MSD)(A)
   0.00000E+00  -0.14211E-13   0.00000E+00  -0.51699E-25  -0.14211E-13           NaN
   0.10000E+01   0.25819E-04   0.25761E-04   0.15710E-12   0.51580E-04   0.71819E-02
   0.20000E+01   0.10263E-03   0.10240E-03   0.62463E-12   0.20503E-03   0.14319E-01
   0.30000E+01   0.22929E-03   0.22876E-03   0.14010E-11   0.45805E-03   0.21402E-01
   0.40000E+01   0.40445E-03   0.40350E-03   0.24795E-11   0.80795E-03   0.28424E-01
   0.50000E+01   0.62666E-03   0.62517E-03   0.38516E-11   0.12518E-02   0.35381E-01
   0.60000E+01   0.89446E-03   0.89229E-03   0.55067E-11   0.17867E-02   0.42270E-01
   0.70000E+01   0.12065E-02   0.12035E-02   0.74376E-11   0.24100E-02   0.49092E-01
   0.80000E+01   0.15617E-02   0.15578E-02   0.96332E-11   0.31195E-02   0.55852E-01
   0.90000E+01   0.19593E-02   0.19543E-02   0.12093E-10   0.39136E-02   0.62559E-01
   0.10000E+02   0.23988E-02   0.23925E-02   0.14809E-10   0.47913E-02   0.69219E-01
   0.11000E+02   0.28799E-02   0.28723E-02   0.17777E-10   0.57522E-02   0.75843E-01
   0.12000E+02   0.34023E-02   0.33932E-02   0.20988E-10   0.67955E-02   0.82435E-01
   0.13000E+02   0.39656E-02   0.39550E-02   0.24431E-10   0.79206E-02   0.88998E-01
   0.14000E+02   0.45692E-02   0.45568E-02   0.28090E-10   0.91260E-02   0.95530E-01
   0.15000E+02   0.52119E-02   0.51977E-02   0.31944E-10   0.10410E-01   0.10203E+00
   0.16000E+02   0.58924E-02   0.58764E-02   0.35974E-10   0.11769E-01   0.10848E+00
   0.17000E+02   0.66092E-02   0.65912E-02   0.40156E-10   0.13200E-01   0.11489E+00
   0.18000E+02   0.73603E-02   0.73402E-02   0.44471E-10   0.14700E-01   0.12125E+00
   0.19000E+02   0.81436E-02   0.81213E-02   0.48894E-10   0.16265E-01   0.12753E+00
   0.20000E+02   0.89567E-02   0.89322E-02   0.53404E-10   0.17889E-01   0.13375E+00
   0.21000E+02   0.97971E-02   0.97702E-02   0.57971E-10   0.19567E-01   0.13988E+00
   0.22000E+02   0.10662E-01   0.10633E-01   0.62580E-10   0.21295E-01   0.14593E+00
   0.23000E+02   0.11548E-01   0.11517E-01   0.67211E-10   0.23065E-01   0.15187E+00
   0.24000E+02   0.12454E-01   0.12419E-01   0.71843E-10   0.24873E-01   0.15771E+00
   0.25000E+02   0.13374E-01   0.13337E-01   0.76453E-10   0.26711E-01   0.16344E+00
   0.26000E+02   0.14307E-01   0.14267E-01   0.81037E-10   0.28574E-01   0.16904E+00
   0.27000E+02   0.15248E-01   0.15206E-01   0.85576E-10   0.30454E-01   0.17451E+00
   0.28000E+02   0.16195E-01   0.16150E-01   0.90085E-10   0.32345E-01   0.17985E+00
   0.29000E+02   0.17144E-01   0.17097E-01   0.94531E-10   0.34241E-01   0.18504E+00
   0.30000E+02   0.18092E-01   0.18042E-01   0.98921E-10   0.36134E-01   0.19009E+00
   0.31000E+02   0.19036E-01   0.18984E-01   0.10326E-09   0.38020E-01   0.19499E+00
   0.32000E+02   0.19974E-01   0.19918E-01   0.10751E-09   0.39892E-01   0.19973E+00
   0.33000E+02   0.20901E-01   0.20843E-01   0.11169E-09   0.41744E-01   0.20431E+00
   0.34000E+02   0.21816E-01   0.21755E-01   0.11579E-09   0.43571E-01   0.20874E+00
   0.35000E+02   0.22716E-01   0.22653E-01   0.11981E-09   0.45369E-01   0.21300E+00
   0.36000E+02   0.23600E-01   0.23534E-01   0.12375E-09   0.47134E-01   0.21710E+00
   0.37000E+02   0.24465E-01   0.24397E-01   0.12765E-09   0.48862E-01   0.22105E+00
   0.38000E+02   0.25310E-01   0.25239E-01   0.13148E-09   0.50549E-01   0.22483E+00
   0.39000E+02   0.26133E-01   0.26061E-01   0.13525E-09   0.52194E-01   0.22846E+00
   0.40000E+02   0.26935E-01   0.26860E-01   0.13899E-09   0.53795E-01   0.23194E+00
   0.41000E+02   0.27713E-01   0.27636E-01   0.14268E-09   0.55349E-01   0.23526E+00
   0.42000E+02   0.28468E-01   0.28389E-01   0.14633E-09   0.56857E-01   0.23845E+00
   0.43000E+02   0.29199E-01   0.29118E-01   0.14994E-09   0.58318E-01   0.24149E+00
   0.44000E+02   0.29907E-01   0.29824E-01   0.15351E-09   0.59731E-01   0.24440E+00
   0.45000E+02   0.30592E-01   0.30507E-01   0.15702E-09   0.61098E-01   0.24718E+00
   0.46000E+02   0.31253E-01   0.31166E-01   0.16050E-09   0.62419E-01   0.24984E+00
   0.47000E+02   0.31891E-01   0.31803E-01   0.16393E-09   0.63694E-01   0.25238E+00
   0.48000E+02   0.32508E-01   0.32418E-01   0.16732E-09   0.64926E-01   0.25481E+00
   0.49000E+02   0.33104E-01   0.33012E-01   0.17070E-09   0.66115E-01   0.25713E+00
   0.50000E+02   0.33679E-01   0.33585E-01   0.17401E-09   0.67264E-01   0.25935E+00
   0.51000E+02   0.34234E-01   0.34139E-01   0.17730E-09   0.68374E-01   0.26148E+00
   0.52000E+02   0.34772E-01   0.34675E-01   0.18053E-09   0.69447E-01   0.26353E+00
   0.53000E+02   0.35291E-01   0.35193E-01   0.18372E-09   0.70484E-01   0.26549E+00
   0.54000E+02   0.35794E-01   0.35695E-01   0.18687E-09   0.71489E-01   0.26737E+00
   0.55000E+02   0.36281E-01   0.36181E-01   0.18998E-09   0.72462E-01   0.26919E+00
   0.56000E+02   0.36754E-01   0.36652E-01   0.19304E-09   0.73406E-01   0.27094E+00
   0.57000E+02   0.37213E-01   0.37110E-01   0.19605E-09   0.74323E-01   0.27262E+00
   0.58000E+02   0.37660E-01   0.37555E-01   0.19901E-09   0.75215E-01   0.27425E+00
   0.59000E+02   0.38094E-01   0.37989E-01   0.20194E-09   0.76083E-01   0.27583E+00
   0.60000E+02   0.38519E-01   0.38412E-01   0.20481E-09   0.76931E-01   0.27736E+00
   0.61000E+02   0.38933E-01   0.38825E-01   0.20761E-09   0.77759E-01   0.27885E+00
   0.62000E+02   0.39339E-01   0.39230E-01   0.21038E-09   0.78569E-01   0.28030E+00
   0.63000E+02   0.39737E-01   0.39627E-01   0.21308E-09   0.79364E-01   0.28172E+00
   0.64000E+02   0.40128E-01   0.40017E-01   0.21573E-09   0.80145E-01   0.28310E+00
   0.65000E+02   0.40513E-01   0.40401E-01   0.21831E-09   0.80914E-01   0.28445E+00
   0.66000E+02   0.40892E-01   0.40779E-01   0.22084E-09   0.81671E-01   0.28578E+00
   0.67000E+02   0.41267E-01   0.41153E-01   0.22333E-09   0.82419E-01   0.28709E+00
   0.68000E+02   0.41637E-01   0.41522E-01   0.22572E-09   0.83160E-01   0.28837E+00
   0.69000E+02   0.42005E-01   0.41888E-01   0.22806E-09   0.83893E-01   0.28964E+00
   0.70000E+02   0.42369E-01   0.42252E-01   0.23039E-09   0.84622E-01   0.29090E+00
   0.71000E+02   0.42732E-01   0.42614E-01   0.23267E-09   0.85346E-01   0.29214E+00
   0.72000E+02   0.43093E-01   0.42974E-01   0.23488E-09   0.86067E-01   0.29337E+00
   0.73000E+02   0.43453E-01   0.43333E-01   0.23707E-09   0.86786E-01   0.29460E+00
   0.74000E+02   0.43813E-01   0.43692E-01   0.23925E-09   0.87505E-01   0.29581E+00
   0.75000E+02   0.44173E-01   0.44051E-01   0.24136E-09   0.88223E-01   0.29702E+00
   0.76000E+02   0.44533E-01   0.44410E-01   0.24345E-09   0.88942E-01   0.29823E+00
   0.77000E+02   0.44893E-01   0.44769E-01   0.24551E-09   0.89663E-01   0.29944E+00
   0.78000E+02   0.45255E-01   0.45130E-01   0.24754E-09   0.90385E-01   0.30064E+00
   0.79000E+02   0.45618E-01   0.45492E-01   0.24950E-09   0.91110E-01   0.30184E+00
   0.80000E+02   0.45983E-01   0.45856E-01   0.25144E-09   0.91839E-01   0.30305E+00
   0.81000E+02   0.46349E-01   0.46221E-01   0.25334E-09   0.92570E-01   0.30425E+00
   0.82000E+02   0.46718E-01   0.46589E-01   0.25525E-09   0.93306E-01   0.30546E+00
   0.83000E+02   0.47088E-01   0.46958E-01   0.25714E-09   0.94047E-01   0.30667E+00
   0.84000E+02   0.47461E-01   0.47330E-01   0.25899E-09   0.94791E-01   0.30788E+00
   0.85000E+02   0.47836E-01   0.47705E-01   0.26080E-09   0.95541E-01   0.30910E+00
   0.86000E+02   0.48215E-01   0.48082E-01   0.26263E-09   0.96297E-01   0.31032E+00
   0.87000E+02   0.48596E-01   0.48462E-01   0.26442E-09   0.97058E-01   0.31154E+00
   0.88000E+02   0.48980E-01   0.48845E-01   0.26618E-09   0.97825E-01   0.31277E+00
   0.89000E+02   0.49367E-01   0.49231E-01   0.26795E-09   0.98598E-01   0.31400E+00
   0.90000E+02   0.49757E-01   0.49620E-01   0.26968E-09   0.99377E-01   0.31524E+00
   0.91000E+02   0.50151E-01   0.50013E-01   0.27143E-09   0.10016E+00   0.31649E+00
   0.92000E+02   0.50548E-01   0.50410E-01   0.27319E-09   0.10096E+00   0.31774E+00
   0.93000E+02   0.50950E-01   0.50810E-01   0.27491E-09   0.10176E+00   0.31900E+00
   0.94000E+02   0.51355E-01   0.51215E-01   0.27664E-09   0.10257E+00   0.32027E+00
   0.95000E+02   0.51765E-01   0.51623E-01   0.27839E-09   0.10339E+00   0.32154E+00
   0.96000E+02   0.52179E-01   0.52037E-01   0.28016E-09   0.10422E+00   0.32283E+00
   0.97000E+02   0.52598E-01   0.52454E-01   0.28194E-09   0.10505E+00   0.32412E+00
   0.98000E+02   0.53022E-01   0.52877E-01   0.28373E-09   0.10590E+00   0.32542E+00
   0.99000E+02   0.53450E-01   0.53304E-01   0.28555E-09   0.10675E+00   0.32673E+00
   0.10000E+03   0.53883E-01   0.53736E-01   0.28738E-09   0.10762E+00   0.32805E+00
   0.10100E+03   0.54322E-01   0.54173E-01   0.28923E-09   0.10849E+00   0.32939E+00
   0.10200E+03   0.54765E-01   0.54616E-01   0.29109E-09   0.10938E+00   0.33073E+00
   0.10300E+03   0.55214E-01   0.55064E-01   0.29298E-09   0.11028E+00   0.33208E+00
   0.10400E+03   0.55669E-01   0.55517E-01   0.29489E-09   0.11119E+00   0.33345E+00
   0.10500E+03   0.56130E-01   0.55976E-01   0.29682E-09   0.11211E+00   0.33482E+00
   0.10600E+03   0.56596E-01   0.56441E-01   0.29877E-09   0.11304E+00   0.33621E+00
   0.10700E+03   0.57068E-01   0.56913E-01   0.30080E-09   0.11398E+00   0.33761E+00
   0.10800E+03   0.57547E-01   0.57390E-01   0.30285E-09   0.11494E+00   0.33902E+00
   0.10900E+03   0.58032E-01   0.57874E-01   0.30494E-09   0.11591E+00   0.34045E+00
   0.11000E+03   0.58523E-01   0.58364E-01   0.30704E-09   0.11689E+00   0.34189E+00
   0.11100E+03   0.59022E-01   0.58861E-01   0.30923E-09   0.11788E+00   0.34334E+00
   0.11200E+03   0.59527E-01   0.59365E-01   0.31146E-09   0.11889E+00   0.34481E+00
   0.11300E+03   0.60040E-01   0.59876E-01   0.31371E-09   0.11992E+00   0.34629E+00
   0.11400E+03   0.60560E-01   0.60395E-01   0.31599E-09   0.12095E+00   0.34778E+00
   0.11500E+03   0.61087E-01   0.60921E-01   0.31830E-09   0.12201E+00   0.34930E+00
   0.11600E+03   0.61622E-01   0.61455E-01   0.32070E-09   0.12308E+00   0.35082E+00
   0.11700E+03   0.62166E-01   0.61997E-01   0.32314E-09   0.12416E+00   0.35237E+00
   0.11800E+03   0.62718E-01   0.62547E-01   0.32562E-09   0.12526E+00   0.35393E+00
   0.11900E+03   0.63278E-01   0.63106E-01   0.32813E-09   0.12638E+00   0.35551E+00
   0.12000E+03   0.63848E-01   0.63674E-01   0.33068E-09   0.12752E+00   0.35710E+00
   0.12100E+03   0.64426E-01   0.64251E-01   0.33333E-09   0.12868E+00   0.35872E+00
   0.12200E+03   0.65014E-01   0.64837E-01   0.33602E-09   0.12985E+00   0.36035E+00
   0.12300E+03   0.65612E-01   0.65434E-01   0.33875E-09   0.13105E+00   0.36200E+00
   0.12400E+03   0.66220E-01   0.66040E-01   0.34153E-09   0.13226E+00   0.36368E+00
   0.12500E+03   0.66839E-01   0.66657E-01   0.34435E-09   0.13350E+00   0.36537E+00
   0.12600E+03   0.67468E-01   0.67284E-01   0.34729E-09   0.13475E+00   0.36709E+00
   0.12700E+03   0.68108E-01   0.67923E-01   0.35027E-09   0.13603E+00   0.36882E+00
   0.12800E+03   0.68760E-01   0.68573E-01   0.35331E-09   0.13733E+00   0.37058E+00
   0.12900E+03   0.69423E-01   0.69235E-01   0.35639E-09   0.13866E+00   0.37237E+00
   0.13000E+03   0.70099E-01   0.69909E-01   0.35953E-09   0.14001E+00   0.37418E+00
   0.13100E+03   0.70788E-01   0.70595E-01   0.36273E-09   0.14138E+00   0.37601E+00
   0.13200E+03   0.71489E-01   0.71295E-01   0.36605E-09   0.14278E+00   0.37787E+00
   0.13300E+03   0.72205E-01   0.72008E-01   0.36944E-09   0.14421E+00   0.37975E+00
   0.13400E+03   0.72934E-01   0.72735E-01   0.37289E-09   0.14567E+00   0.38167E+00
   0.13500E+03   0.73677E-01   0.73477E-01   0.37640E-09   0.14715E+00   0.38361E+00
   0.13600E+03   0.74436E-01   0.74233E-01   0.37998E-09   0.14867E+00   0.38558E+00
   0.13700E+03   0.75209E-01   0.75005E-01   0.38363E-09   0.15021E+00   0.38757E+00
   0.13800E+03   0.75999E-01   0.75792E-01   0.38743E-09   0.15179E+00   0.38960E+00
   0.13900E+03   0.76805E-01   0.76596E-01   0.39131E-09   0.15340E+00   0.39166E+00
   0.14000E+03   0.77628E-01   0.77417E-01   0.39526E-09   0.15505E+00   0.39376E+00
   0.14100E+03   0.78469E-01   0.78255E-01   0.39930E-09   0.15672E+00   0.39588E+00
   0.14200E+03   0.79328E-01   0.79112E-01   0.40342E-09   0.15844E+00   0.39804E+00
   0.14300E+03   0.80205E-01   0.79987E-01   0.40762E-09   0.16019E+00   0.40024E+00
   0.14400E+03   0.81102E-01   0.80882E-01   0.41192E-09   0.16198E+00   0.40247E+00
   0.14500E+03   0.82019E-01   0.81796E-01   0.41639E-09   0.16382E+00   0.40474E+00
   0.14600E+03   0.82957E-01   0.82731E-01   0.42096E-09   0.16569E+00   0.40705E+00
   0.14700E+03   0.83916E-01   0.83688E-01   0.42563E-09   0.16760E+00   0.40939E+00
   0.14800E+03   0.84898E-01   0.84667E-01   0.43042E-09   0.16956E+00   0.41178E+00
   0.14900E+03   0.85902E-01   0.85669E-01   0.43531E-09   0.17157E+00   0.41421E+00
   0.15000E+03   0.86931E-01   0.86695E-01   0.44031E-09   0.17363E+00   0.41668E+00
   0.15100E+03   0.87984E-01   0.87745E-01   0.44544E-09   0.17573E+00   0.41920E+00
   0.15200E+03   0.89063E-01   0.88821E-01   0.45069E-09   0.17788E+00   0.42176E+00
   0.15300E+03   0.90169E-01   0.89924E-01   0.45606E-09   0.18009E+00   0.42437E+00
   0.15400E+03   0.91302E-01   0.91054E-01   0.46166E-09   0.18236E+00   0.42703E+00
   0.15500E+03   0.92464E-01   0.92212E-01   0.46740E-09   0.18468E+00   0.42974E+00
   0.15600E+03   0.93656E-01   0.93401E-01   0.47329E-09   0.18706E+00   0.43250E+00
   0.15700E+03   0.94878E-01   0.94620E-01   0.47932E-09   0.18950E+00   0.43531E+00
   0.15800E+03   0.96133E-01   0.95872E-01   0.48552E-09   0.19200E+00   0.43818E+00
   0.15900E+03   0.97421E-01   0.97156E-01   0.49187E-09   0.19458E+00   0.44111E+00
   0.16000E+03   0.98744E-01   0.98476E-01   0.49840E-09   0.19722E+00   0.44409E+00
   0.16100E+03   0.10010E+00   0.99831E-01   0.50510E-09   0.19993E+00   0.44714E+00
   0.16200E+03   0.10150E+00   0.10122E+00   0.51198E-09   0.20272E+00   0.45025E+00
   0.16300E+03   0.10294E+00   0.10266E+00   0.51906E-09   0.20559E+00   0.45342E+00
   0.16400E+03   0.10441E+00   0.10413E+00   0.52633E-09   0.20854E+00   0.45666E+00
   0.16500E+03   0.10593E+00   0.10564E+00   0.53392E-09   0.21158E+00   0.45997E+00
   0.16600E+03   0.10750E+00   0.10720E+00   0.54172E-09   0.21470E+00   0.46336E+00
   0.16700E+03   0.10910E+00   0.10881E+00   0.54974E-09   0.21791E+00   0.46681E+00
   0.16800E+03   0.11076E+00   0.11046E+00   0.55799E-09   0.22122E+00   0.47034E+00
   0.16900E+03   0.11247E+00   0.11216E+00   0.56648E-09   0.22463E+00   0.47395E+00
   0.17000E+03   0.11423E+00   0.11392E+00   0.57522E-09   0.22814E+00   0.47764E+00
   0.17100E+03   0.11604E+00   0.11572E+00   0.58422E-09   0.23177E+00   0.48142E+00
   0.17200E+03   0.11791E+00   0.11759E+00   0.59349E-09   0.23550E+00   0.48528E+00
   0.17300E+03   0.11984E+00   0.11951E+00   0.60305E-09   0.23935E+00   0.48923E+00
   0.17400E+03   0.12183E+00   0.12150E+00   0.61290E-09   0.24332E+00   0.49328E+00
   0.17500E+03   0.12388E+00   0.12354E+00   0.62305E-09   0.24742E+00   0.49741E+00
   0.17600E+03   0.12600E+00   0.12565E+00   0.63353E-09   0.25165E+00   0.50165E+00
   0.17700E+03   0.12818E+00   0.12783E+00   0.64434E-09   0.25602E+00   0.50598E+00
   0.17800E+03   0.13044E+00   0.13009E+00   0.65550E-09   0.26053E+00   0.51042E+00
   0.17900E+03   0.13277E+00   0.13241E+00   0.66702E-09   0.26518E+00   0.51496E+00
   0.18000E+03   0.13518E+00   0.13481E+00   0.67906E-09   0.26999E+00   0.51960E+00
   0.18100E+03   0.13766E+00   0.13729E+00   0.69150E-09   0.27495E+00   0.52436E+00
   0.18200E+03   0.14023E+00   0.13985E+00   0.70436E-09   0.28007E+00   0.52922E+00
   0.18300E+03   0.14287E+00   0.14249E+00   0.71764E-09   0.28536E+00   0.53419E+00
   0.18400E+03   0.14561E+00   0.14521E+00   0.73138E-09   0.29082E+00   0.53928E+00
   0.18500E+03   0.14843E+00   0.14802E+00   0.74559E-09   0.29645E+00   0.54447E+00
   0.18600E+03   0.15133E+00   0.15092E+00   0.76031E-09   0.30225E+00   0.54978E+00
   0.18700E+03   0.15433E+00   0.15391E+00   0.77555E-09   0.30824E+00   0.55519E+00
   0.18800E+03   0.15741E+00   0.15699E+00   0.79133E-09   0.31440E+00   0.56071E+00
   0.18900E+03   0.16059E+00   0.16015E+00   0.80769E-09   0.32074E+00   0.56634E+00
   0.19000E+03   0.16385E+00   0.16340E+00   0.82461E-09   0.32726E+00   0.57206E+00
   0.19100E+03   0.16720E+00   0.16674E+00   0.84217E-09   0.33394E+00   0.57788E+00
   0.19200E+03   0.17063E+00   0.17017E+00   0.86036E-09   0.34080E+00   0.58378E+00
   0.19300E+03   0.17415E+00   0.17367E+00   0.87923E-09   0.34782E+00   0.58976E+00
   0.19400E+03   0.17774E+00   0.17725E+00   0.89881E-09   0.35499E+00   0.59581E+00
   0.19500E+03   0.18140E+00   0.18091E+00   0.91914E-09   0.36230E+00   0.60192E+00
   0.19600E+03   0.18512E+00   0.18462E+00   0.94022E-09   0.36974E+00   0.60806E+00
   0.19700E+03   0.18890E+00   0.18839E+00   0.96203E-09   0.37729E+00   0.61424E+00
   0.19800E+03   0.19272E+00   0.19220E+00   0.98466E-09   0.38492E+00   0.62042E+00
   0.19900E+03   0.19658E+00   0.19604E+00   0.10080E-08   0.39262E+00   0.62659E+00
   0.20000E+03   0.20045E+00   0.19990E+00   0.10321E-08   0.40035E+00   0.63273E+00
   0.20100E+03   0.20433E+00   0.20377E+00   0.10570E-08   0.40810E+00   0.63882E+00
   0.20200E+03   0.20819E+00   0.20762E+00   0.10825E-08   0.41582E+00   0.64484E+00
   0.20300E+03   0.21202E+00   0.21145E+00   0.11089E-08   0.42347E+00   0.65075E+00
   0.20400E+03   0.21581E+00   0.21522E+00   0.11361E-08   0.43103E+00   0.65653E+00
   0.20500E+03   0.21952E+00   0.21893E+00   0.11639E-08   0.43845E+00   0.66215E+00
   0.20600E+03   0.22314E+00   0.22254E+00   0.11922E-08   0.44568E+00   0.66759E+00
   0.20700E+03   0.22664E+00   0.22603E+00   0.12212E-08   0.45268E+00   0.67281E+00
   0.20800E+03   0.23001E+00   0.22939E+00   0.12504E-08   0.45940E+00   0.67779E+00
   0.20900E+03   0.23320E+00   0.23258E+00   0.12799E-08   0.46578E+00   0.68248E+00
   0.21000E+03   0.23620E+00   0.23557E+00   0.13093E-08   0.47178E+00   0.68686E+00
   0.21100E+03   0.23898E+00   0.23835E+00   0.13384E-08   0.47733E+00   0.69089E+00
   0.21200E+03   0.24150E+00   0.24087E+00   0.13671E-08   0.48237E+00   0.69453E+00
   0.21300E+03   0.24374E+00   0.24310E+00   0.13951E-08   0.48684E+00   0.69774E+00
   0.21400E+03   0.24566E+00   0.24502E+00   0.14219E-08   0.49068E+00   0.70049E+00
   0.21500E+03   0.24722E+00   0.24658E+00   0.14473E-08   0.49381E+00   0.70272E+00
   0.21600E+03   0.24840E+00   0.24776E+00   0.14710E-08   0.49616E+00   0.70438E+00
   0.21700E+03   0.24914E+00   0.24850E+00   0.14928E-08   0.49764E+00   0.70544E+00
   0.21800E+03   0.24941E+00   0.24878E+00   0.15118E-08   0.49819E+00   0.70582E+00
   0.21900E+03   0.24917E+00   0.24854E+00   0.15275E-08   0.49771E+00   0.70549E+00
   0.22000E+03   0.24839E+00   0.24776E+00   0.15396E-08   0.49615E+00   0.70438E+00
   0.22100E+03   0.24703E+00   0.24641E+00   0.15469E-08   0.49344E+00   0.70245E+00
   0.22200E+03   0.24509E+00   0.24447E+00   0.15495E-08   0.48956E+00   0.69969E+00
   0.22300E+03   0.24258E+00   0.24195E+00   0.15471E-08   0.48453E+00   0.69608E+00
   0.22400E+03   0.23954E+00   0.23891E+00   0.15398E-08   0.47845E+00   0.69170E+00
   0.22500E+03   0.23602E+00   0.23540E+00   0.15288E-08   0.47142E+00   0.68660E+00
   0.22600E+03   0.23212E+00   0.23149E+00   0.15135E-08   0.46361E+00   0.68089E+00
   0.22700E+03   0.22791E+00   0.22728E+00   0.14971E-08   0.45519E+00   0.67468E+00
   0.22800E+03   0.22348E+00   0.22285E+00   0.14787E-08   0.44633E+00   0.66808E+00
   0.22900E+03   0.21890E+00   0.21828E+00   0.14609E-08   0.43717E+00   0.66119E+00
   0.23000E+03   0.21422E+00   0.21360E+00   0.14440E-08   0.42782E+00   0.65408E+00
   0.23100E+03   0.20949E+00   0.20888E+00   0.14291E-08   0.41838E+00   0.64682E+00
   0.23200E+03   0.20475E+00   0.20415E+00   0.14143E-08   0.40890E+00   0.63945E+00
