    #Time(fs)    x-MSD(A^2)    y-MSD(A^2)    z-MSD(A^2)    tot-MSD(A^2)  sqrt(MSD)(A)
   0.00000E+00  -0.35527E-14  -0.11369E-12   0.00000E+00  -0.56843E-13           NaN
   0.10000E+01   0.33061E-04   0.46724E-04   0.25143E-06   0.80037E-04   0.89463E-02
   0.20000E+01   0.13210E-03   0.18704E-03   0.10033E-05   0.32014E-03   0.17892E-01
   0.30000E+01   0.29682E-03   0.42099E-03   0.22509E-05   0.72006E-03   0.26834E-01
   0.40000E+01   0.52682E-03   0.74846E-03   0.39877E-05   0.12793E-02   0.35767E-01
   0.50000E+01   0.82163E-03   0.11691E-02   0.62056E-05   0.19969E-02   0.44687E-01
   0.60000E+01   0.11807E-02   0.16824E-02   0.88951E-05   0.28719E-02   0.53590E-01
   0.70000E+01   0.16033E-02   0.22876E-02   0.12045E-04   0.39029E-02   0.62473E-01
   0.80000E+01   0.20887E-02   0.29838E-02   0.15643E-04   0.50881E-02   0.71331E-01
   0.90000E+01   0.26361E-02   0.37700E-02   0.19676E-04   0.64258E-02   0.80161E-01
   0.10000E+02   0.32447E-02   0.46451E-02   0.24128E-04   0.79139E-02   0.88960E-01
   0.11000E+02   0.39136E-02   0.56075E-02   0.28984E-04   0.95501E-02   0.97725E-01
   0.12000E+02   0.46418E-02   0.66560E-02   0.34228E-04   0.11332E-01   0.10645E+00
   0.13000E+02   0.54283E-02   0.77889E-02   0.39842E-04   0.13257E-01   0.11514E+00
   0.14000E+02   0.62722E-02   0.90044E-02   0.45809E-04   0.15322E-01   0.12378E+00
   0.15000E+02   0.71725E-02   0.10301E-01   0.52110E-04   0.17526E-01   0.13238E+00
   0.16000E+02   0.81283E-02   0.11677E-01   0.58727E-04   0.19864E-01   0.14094E+00
   0.17000E+02   0.91387E-02   0.13129E-01   0.65641E-04   0.22334E-01   0.14944E+00
   0.18000E+02   0.10203E-01   0.14657E-01   0.72834E-04   0.24933E-01   0.15790E+00
   0.19000E+02   0.11320E-01   0.16258E-01   0.80289E-04   0.27658E-01   0.16631E+00
   0.20000E+02   0.12489E-01   0.17930E-01   0.87988E-04   0.30507E-01   0.17466E+00
   0.21000E+02   0.13709E-01   0.19672E-01   0.95915E-04   0.33476E-01   0.18297E+00
   0.22000E+02   0.14980E-01   0.21480E-01   0.10406E-03   0.36564E-01   0.19122E+00
   0.23000E+02   0.16300E-01   0.23353E-01   0.11239E-03   0.39766E-01   0.19941E+00
   0.24000E+02   0.17670E-01   0.25290E-01   0.12091E-03   0.43081E-01   0.20756E+00
   0.25000E+02   0.19090E-01   0.27287E-01   0.12961E-03   0.46506E-01   0.21565E+00
   0.26000E+02   0.20557E-01   0.29343E-01   0.13846E-03   0.50039E-01   0.22369E+00
   0.27000E+02   0.22073E-01   0.31457E-01   0.14746E-03   0.53677E-01   0.23168E+00
   0.28000E+02   0.23636E-01   0.33626E-01   0.15661E-03   0.57419E-01   0.23962E+00
   0.29000E+02   0.25247E-01   0.35848E-01   0.16588E-03   0.61261E-01   0.24751E+00
   0.30000E+02   0.26905E-01   0.38122E-01   0.17528E-03   0.65203E-01   0.25535E+00
   0.31000E+02   0.28611E-01   0.40446E-01   0.18480E-03   0.69242E-01   0.26314E+00
   0.32000E+02   0.30364E-01   0.42819E-01   0.19443E-03   0.73377E-01   0.27088E+00
   0.33000E+02   0.32163E-01   0.45239E-01   0.20416E-03   0.77606E-01   0.27858E+00
   0.34000E+02   0.34010E-01   0.47704E-01   0.21400E-03   0.81928E-01   0.28623E+00
   0.35000E+02   0.35903E-01   0.50214E-01   0.22392E-03   0.86342E-01   0.29384E+00
   0.36000E+02   0.37844E-01   0.52767E-01   0.23394E-03   0.90845E-01   0.30141E+00
   0.37000E+02   0.39832E-01   0.55362E-01   0.24404E-03   0.95438E-01   0.30893E+00
   0.38000E+02   0.41868E-01   0.57998E-01   0.25422E-03   0.10012E+00   0.31642E+00
   0.39000E+02   0.43951E-01   0.60673E-01   0.26447E-03   0.10489E+00   0.32387E+00
   0.40000E+02   0.46082E-01   0.63388E-01   0.27479E-03   0.10974E+00   0.33128E+00
   0.41000E+02   0.48260E-01   0.66140E-01   0.28516E-03   0.11469E+00   0.33865E+00
   0.42000E+02   0.50487E-01   0.68930E-01   0.29558E-03   0.11971E+00   0.34600E+00
   0.43000E+02   0.52762E-01   0.71756E-01   0.30605E-03   0.12482E+00   0.35331E+00
   0.44000E+02   0.55086E-01   0.74619E-01   0.31655E-03   0.13002E+00   0.36058E+00
   0.45000E+02   0.57459E-01   0.77516E-01   0.32707E-03   0.13530E+00   0.36783E+00
   0.46000E+02   0.59880E-01   0.80448E-01   0.33761E-03   0.14067E+00   0.37505E+00
   0.47000E+02   0.62351E-01   0.83414E-01   0.34816E-03   0.14611E+00   0.38225E+00
   0.48000E+02   0.64871E-01   0.86414E-01   0.35870E-03   0.15164E+00   0.38941E+00
   0.49000E+02   0.67441E-01   0.89446E-01   0.36923E-03   0.15726E+00   0.39656E+00
   0.50000E+02   0.70060E-01   0.92512E-01   0.37975E-03   0.16295E+00   0.40367E+00
   0.51000E+02   0.72729E-01   0.95609E-01   0.39023E-03   0.16873E+00   0.41077E+00
   0.52000E+02   0.75447E-01   0.98738E-01   0.40067E-03   0.17459E+00   0.41783E+00
   0.53000E+02   0.78215E-01   0.10190E+00   0.41107E-03   0.18052E+00   0.42488E+00
   0.54000E+02   0.81031E-01   0.10509E+00   0.42142E-03   0.18654E+00   0.43190E+00
   0.55000E+02   0.83896E-01   0.10831E+00   0.43171E-03   0.19264E+00   0.43890E+00
   0.56000E+02   0.86810E-01   0.11156E+00   0.44193E-03   0.19881E+00   0.44588E+00
   0.57000E+02   0.89771E-01   0.11484E+00   0.45208E-03   0.20506E+00   0.45284E+00
   0.58000E+02   0.92780E-01   0.11814E+00   0.46217E-03   0.21139E+00   0.45977E+00
   0.59000E+02   0.95835E-01   0.12148E+00   0.47217E-03   0.21779E+00   0.46667E+00
   0.60000E+02   0.98937E-01   0.12484E+00   0.48210E-03   0.22426E+00   0.47356E+00
   0.61000E+02   0.10208E+00   0.12823E+00   0.49195E-03   0.23080E+00   0.48042E+00
   0.62000E+02   0.10528E+00   0.13164E+00   0.50171E-03   0.23742E+00   0.48726E+00
   0.63000E+02   0.10851E+00   0.13508E+00   0.51139E-03   0.24411E+00   0.49407E+00
   0.64000E+02   0.11179E+00   0.13854E+00   0.52098E-03   0.25086E+00   0.50086E+00
   0.65000E+02   0.11512E+00   0.14203E+00   0.53047E-03   0.25768E+00   0.50762E+00
   0.66000E+02   0.11848E+00   0.14554E+00   0.53986E-03   0.26456E+00   0.51436E+00
   0.67000E+02   0.12189E+00   0.14907E+00   0.54914E-03   0.27151E+00   0.52107E+00
   0.68000E+02   0.12534E+00   0.15262E+00   0.55831E-03   0.27852E+00   0.52775E+00
   0.69000E+02   0.12883E+00   0.15620E+00   0.56736E-03   0.28559E+00   0.53441E+00
   0.70000E+02   0.13235E+00   0.15979E+00   0.57629E-03   0.29272E+00   0.54104E+00
   0.71000E+02   0.13592E+00   0.16340E+00   0.58507E-03   0.29991E+00   0.54764E+00
   0.72000E+02   0.13952E+00   0.16703E+00   0.59372E-03   0.30715E+00   0.55421E+00
   0.73000E+02   0.14315E+00   0.17068E+00   0.60222E-03   0.31444E+00   0.56075E+00
   0.74000E+02   0.14683E+00   0.17435E+00   0.61056E-03   0.32178E+00   0.56726E+00
   0.75000E+02   0.15053E+00   0.17803E+00   0.61874E-03   0.32918E+00   0.57374E+00
   0.76000E+02   0.15427E+00   0.18172E+00   0.62676E-03   0.33662E+00   0.58019E+00
   0.77000E+02   0.15804E+00   0.18543E+00   0.63461E-03   0.34410E+00   0.58660E+00
   0.78000E+02   0.16184E+00   0.18915E+00   0.64228E-03   0.35163E+00   0.59298E+00
   0.79000E+02   0.16567E+00   0.19288E+00   0.64979E-03   0.35920E+00   0.59933E+00
   0.80000E+02   0.16953E+00   0.19663E+00   0.65712E-03   0.36681E+00   0.60565E+00
   0.81000E+02   0.17341E+00   0.20039E+00   0.66428E-03   0.37446E+00   0.61193E+00
   0.82000E+02   0.17732E+00   0.20415E+00   0.67127E-03   0.38214E+00   0.61818E+00
   0.83000E+02   0.18125E+00   0.20793E+00   0.67809E-03   0.38986E+00   0.62439E+00
   0.84000E+02   0.18521E+00   0.21171E+00   0.68475E-03   0.39761E+00   0.63056E+00
   0.85000E+02   0.18919E+00   0.21550E+00   0.69125E-03   0.40539E+00   0.63670E+00
   0.86000E+02   0.19320E+00   0.21930E+00   0.69758E-03   0.41320E+00   0.64280E+00
   0.87000E+02   0.19722E+00   0.22311E+00   0.70376E-03   0.42103E+00   0.64887E+00
   0.88000E+02   0.20126E+00   0.22692E+00   0.70979E-03   0.42889E+00   0.65490E+00
   0.89000E+02   0.20532E+00   0.23074E+00   0.71567E-03   0.43678E+00   0.66089E+00
   0.90000E+02   0.20940E+00   0.23456E+00   0.72141E-03   0.44469E+00   0.66685E+00
   0.91000E+02   0.21350E+00   0.23839E+00   0.72700E-03   0.45262E+00   0.67277E+00
   0.92000E+02   0.21761E+00   0.24223E+00   0.73246E-03   0.46057E+00   0.67865E+00
   0.93000E+02   0.22174E+00   0.24606E+00   0.73777E-03   0.46854E+00   0.68450E+00
   0.94000E+02   0.22589E+00   0.24990E+00   0.74295E-03   0.47654E+00   0.69032E+00
   0.95000E+02   0.23006E+00   0.25375E+00   0.74799E-03   0.48455E+00   0.69610E+00
   0.96000E+02   0.23424E+00   0.25759E+00   0.75289E-03   0.49259E+00   0.70184E+00
   0.97000E+02   0.23844E+00   0.26144E+00   0.75766E-03   0.50064E+00   0.70756E+00
   0.98000E+02   0.24266E+00   0.26530E+00   0.76229E-03   0.50871E+00   0.71324E+00
   0.99000E+02   0.24689E+00   0.26915E+00   0.76677E-03   0.51681E+00   0.71889E+00
   0.10000E+03   0.25114E+00   0.27301E+00   0.77112E-03   0.52492E+00   0.72452E+00
   0.10100E+03   0.25541E+00   0.27688E+00   0.77532E-03   0.53306E+00   0.73011E+00
   0.10200E+03   0.25970E+00   0.28074E+00   0.77937E-03   0.54122E+00   0.73568E+00
   0.10300E+03   0.26400E+00   0.28461E+00   0.78328E-03   0.54940E+00   0.74121E+00
   0.10400E+03   0.26833E+00   0.28849E+00   0.78703E-03   0.55760E+00   0.74673E+00
   0.10500E+03   0.27267E+00   0.29237E+00   0.79064E-03   0.56583E+00   0.75222E+00
   0.10600E+03   0.27703E+00   0.29625E+00   0.79409E-03   0.57408E+00   0.75768E+00
   0.10700E+03   0.28141E+00   0.30014E+00   0.79739E-03   0.58235E+00   0.76312E+00
   0.10800E+03   0.28581E+00   0.30404E+00   0.80054E-03   0.59065E+00   0.76854E+00
   0.10900E+03   0.29023E+00   0.30793E+00   0.80353E-03   0.59897E+00   0.77393E+00
   0.11000E+03   0.29467E+00   0.31184E+00   0.80637E-03   0.60732E+00   0.77931E+00
   0.11100E+03   0.29913E+00   0.31575E+00   0.80906E-03   0.61569E+00   0.78466E+00
   0.11200E+03   0.30361E+00   0.31966E+00   0.81161E-03   0.62408E+00   0.78999E+00
   0.11300E+03   0.30811E+00   0.32358E+00   0.81400E-03   0.63250E+00   0.79530E+00
   0.11400E+03   0.31262E+00   0.32751E+00   0.81626E-03   0.64095E+00   0.80059E+00
   0.11500E+03   0.31715E+00   0.33145E+00   0.81837E-03   0.64942E+00   0.80586E+00
   0.11600E+03   0.32170E+00   0.33539E+00   0.82035E-03   0.65791E+00   0.81112E+00
   0.11700E+03   0.32627E+00   0.33933E+00   0.82220E-03   0.66643E+00   0.81635E+00
   0.11800E+03   0.33085E+00   0.34329E+00   0.82393E-03   0.67497E+00   0.82156E+00
   0.11900E+03   0.33545E+00   0.34725E+00   0.82554E-03   0.68353E+00   0.82676E+00
   0.12000E+03   0.34007E+00   0.35122E+00   0.82703E-03   0.69211E+00   0.83193E+00
   0.12100E+03   0.34470E+00   0.35520E+00   0.82843E-03   0.70072E+00   0.83709E+00
   0.12200E+03   0.34934E+00   0.35918E+00   0.82972E-03   0.70935E+00   0.84223E+00
   0.12300E+03   0.35400E+00   0.36318E+00   0.83093E-03   0.71801E+00   0.84735E+00
   0.12400E+03   0.35866E+00   0.36718E+00   0.83206E-03   0.72668E+00   0.85245E+00
   0.12500E+03   0.36334E+00   0.37119E+00   0.83312E-03   0.73537E+00   0.85754E+00
   0.12600E+03   0.36803E+00   0.37522E+00   0.83411E-03   0.74409E+00   0.86260E+00
   0.12700E+03   0.37273E+00   0.37925E+00   0.83506E-03   0.75282E+00   0.86765E+00
   0.12800E+03   0.37744E+00   0.38329E+00   0.83596E-03   0.76157E+00   0.87268E+00
   0.12900E+03   0.38216E+00   0.38735E+00   0.83684E-03   0.77034E+00   0.87769E+00
   0.13000E+03   0.38688E+00   0.39141E+00   0.83769E-03   0.77913E+00   0.88269E+00
   0.13100E+03   0.39162E+00   0.39549E+00   0.83852E-03   0.78794E+00   0.88766E+00
   0.13200E+03   0.39636E+00   0.39958E+00   0.83936E-03   0.79677E+00   0.89262E+00
   0.13300E+03   0.40110E+00   0.40368E+00   0.84020E-03   0.80562E+00   0.89756E+00
   0.13400E+03   0.40585E+00   0.40779E+00   0.84106E-03   0.81448E+00   0.90249E+00
   0.13500E+03   0.41061E+00   0.41192E+00   0.84194E-03   0.82337E+00   0.90740E+00
   0.13600E+03   0.41537E+00   0.41606E+00   0.84285E-03   0.83227E+00   0.91229E+00
   0.13700E+03   0.42013E+00   0.42021E+00   0.84381E-03   0.84119E+00   0.91716E+00
   0.13800E+03   0.42490E+00   0.42438E+00   0.84481E-03   0.85013E+00   0.92202E+00
   0.13900E+03   0.42967E+00   0.42857E+00   0.84585E-03   0.85909E+00   0.92687E+00
   0.14000E+03   0.43445E+00   0.43277E+00   0.84694E-03   0.86806E+00   0.93170E+00
   0.14100E+03   0.43923E+00   0.43698E+00   0.84810E-03   0.87706E+00   0.93651E+00
   0.14200E+03   0.44402E+00   0.44121E+00   0.84932E-03   0.88607E+00   0.94132E+00
   0.14300E+03   0.44880E+00   0.44545E+00   0.85062E-03   0.89511E+00   0.94610E+00
   0.14400E+03   0.45359E+00   0.44972E+00   0.85199E-03   0.90416E+00   0.95087E+00
   0.14500E+03   0.45838E+00   0.45399E+00   0.85345E-03   0.91323E+00   0.95563E+00
   0.14600E+03   0.46318E+00   0.45829E+00   0.85500E-03   0.92232E+00   0.96038E+00
   0.14700E+03   0.46798E+00   0.46260E+00   0.85663E-03   0.93144E+00   0.96511E+00
   0.14800E+03   0.47278E+00   0.46693E+00   0.85835E-03   0.94057E+00   0.96983E+00
   0.14900E+03   0.47759E+00   0.47128E+00   0.86015E-03   0.94973E+00   0.97454E+00
   0.15000E+03   0.48240E+00   0.47565E+00   0.86204E-03   0.95890E+00   0.97924E+00
   0.15100E+03   0.48721E+00   0.48003E+00   0.86402E-03   0.96811E+00   0.98392E+00
   0.15200E+03   0.49203E+00   0.48443E+00   0.86609E-03   0.97733E+00   0.98860E+00
   0.15300E+03   0.49686E+00   0.48886E+00   0.86826E-03   0.98658E+00   0.99327E+00
   0.15400E+03   0.50169E+00   0.49330E+00   0.87052E-03   0.99586E+00   0.99793E+00
   0.15500E+03   0.50653E+00   0.49776E+00   0.87287E-03   0.10052E+01   0.10026E+01
   0.15600E+03   0.51137E+00   0.50225E+00   0.87533E-03   0.10145E+01   0.10072E+01
   0.15700E+03   0.51623E+00   0.50675E+00   0.87789E-03   0.10239E+01   0.10119E+01
   0.15800E+03   0.52109E+00   0.51128E+00   0.88054E-03   0.10332E+01   0.10165E+01
   0.15900E+03   0.52596E+00   0.51582E+00   0.88331E-03   0.10427E+01   0.10211E+01
   0.16000E+03   0.53084E+00   0.52039E+00   0.88617E-03   0.10521E+01   0.10257E+01
   0.16100E+03   0.53573E+00   0.52498E+00   0.88915E-03   0.10616E+01   0.10303E+01
   0.16200E+03   0.54063E+00   0.52959E+00   0.89225E-03   0.10711E+01   0.10349E+01
   0.16300E+03   0.54555E+00   0.53423E+00   0.89546E-03   0.10807E+01   0.10396E+01
   0.16400E+03   0.55047E+00   0.53889E+00   0.89881E-03   0.10903E+01   0.10442E+01
   0.16500E+03   0.55541E+00   0.54357E+00   0.90228E-03   0.10999E+01   0.10487E+01
   0.16600E+03   0.56036E+00   0.54827E+00   0.90589E-03   0.11095E+01   0.10533E+01
   0.16700E+03   0.56532E+00   0.55299E+00   0.90964E-03   0.11192E+01   0.10579E+01
   0.16800E+03   0.57029E+00   0.55774E+00   0.91354E-03   0.11289E+01   0.10625E+01
   0.16900E+03   0.57528E+00   0.56250E+00   0.91758E-03   0.11387E+01   0.10671E+01
   0.17000E+03   0.58028E+00   0.56729E+00   0.92177E-03   0.11485E+01   0.10717E+01
   0.17100E+03   0.58530E+00   0.57210E+00   0.92611E-03   0.11583E+01   0.10763E+01
   0.17200E+03   0.59033E+00   0.57693E+00   0.93061E-03   0.11682E+01   0.10808E+01
   0.17300E+03   0.59537E+00   0.58179E+00   0.93527E-03   0.11781E+01   0.10854E+01
   0.17400E+03   0.60042E+00   0.58666E+00   0.94009E-03   0.11880E+01   0.10900E+01
   0.17500E+03   0.60548E+00   0.59155E+00   0.94507E-03   0.11980E+01   0.10945E+01
   0.17600E+03   0.61056E+00   0.59646E+00   0.95021E-03   0.12080E+01   0.10991E+01
   0.17700E+03   0.61565E+00   0.60139E+00   0.95550E-03   0.12180E+01   0.11036E+01
   0.17800E+03   0.62075E+00   0.60634E+00   0.96095E-03   0.12281E+01   0.11082E+01
   0.17900E+03   0.62587E+00   0.61131E+00   0.96654E-03   0.12381E+01   0.11127E+01
   0.18000E+03   0.63099E+00   0.61630E+00   0.97227E-03   0.12483E+01   0.11173E+01
   0.18100E+03   0.63612E+00   0.62130E+00   0.97813E-03   0.12584E+01   0.11218E+01
   0.18200E+03   0.64126E+00   0.62633E+00   0.98413E-03   0.12686E+01   0.11263E+01
   0.18300E+03   0.64642E+00   0.63137E+00   0.99025E-03   0.12788E+01   0.11308E+01
   0.18400E+03   0.65157E+00   0.63643E+00   0.99649E-03   0.12890E+01   0.11353E+01
   0.18500E+03   0.65674E+00   0.64150E+00   0.10028E-02   0.12992E+01   0.11398E+01
   0.18600E+03   0.66191E+00   0.64660E+00   0.10093E-02   0.13095E+01   0.11443E+01
   0.18700E+03   0.66709E+00   0.65171E+00   0.10158E-02   0.13198E+01   0.11488E+01
   0.18800E+03   0.67228E+00   0.65684E+00   0.10224E-02   0.13301E+01   0.11533E+01
   0.18900E+03   0.67747E+00   0.66199E+00   0.10291E-02   0.13405E+01   0.11578E+01
   0.19000E+03   0.68267E+00   0.66715E+00   0.10358E-02   0.13509E+01   0.11623E+01
   0.19100E+03   0.68786E+00   0.67233E+00   0.10426E-02   0.13612E+01   0.11667E+01
   0.19200E+03   0.69307E+00   0.67752E+00   0.10494E-02   0.13716E+01   0.11712E+01
   0.19300E+03   0.69827E+00   0.68273E+00   0.10562E-02   0.13821E+01   0.11756E+01
   0.19400E+03   0.70348E+00   0.68796E+00   0.10631E-02   0.13925E+01   0.11800E+01
   0.19500E+03   0.70869E+00   0.69319E+00   0.10699E-02   0.14030E+01   0.11845E+01
   0.19600E+03   0.71391E+00   0.69844E+00   0.10768E-02   0.14134E+01   0.11889E+01
   0.19700E+03   0.71912E+00   0.70370E+00   0.10837E-02   0.14239E+01   0.11933E+01
   0.19800E+03   0.72434E+00   0.70896E+00   0.10905E-02   0.14344E+01   0.11977E+01
   0.19900E+03   0.72956E+00   0.71424E+00   0.10974E-02   0.14449E+01   0.12020E+01
   0.20000E+03   0.73478E+00   0.71952E+00   0.11042E-02   0.14554E+01   0.12064E+01
   0.20100E+03   0.74001E+00   0.72481E+00   0.11109E-02   0.14659E+01   0.12108E+01
   0.20200E+03   0.74524E+00   0.73010E+00   0.11177E-02   0.14765E+01   0.12151E+01
   0.20300E+03   0.75047E+00   0.73539E+00   0.11244E-02   0.14870E+01   0.12194E+01
   0.20400E+03   0.75570E+00   0.74067E+00   0.11311E-02   0.14975E+01   0.12237E+01
   0.20500E+03   0.76094E+00   0.74595E+00   0.11377E-02   0.15080E+01   0.12280E+01
   0.20600E+03   0.76618E+00   0.75122E+00   0.11443E-02   0.15185E+01   0.12323E+01
   0.20700E+03   0.77143E+00   0.75648E+00   0.11509E-02   0.15291E+01   0.12365E+01
   0.20800E+03   0.77667E+00   0.76171E+00   0.11573E-02   0.15395E+01   0.12408E+01
   0.20900E+03   0.78192E+00   0.76692E+00   0.11638E-02   0.15500E+01   0.12450E+01
   0.21000E+03   0.78717E+00   0.77211E+00   0.11702E-02   0.15605E+01   0.12492E+01
   0.21100E+03   0.79243E+00   0.77725E+00   0.11765E-02   0.15709E+01   0.12533E+01
   0.21200E+03   0.79768E+00   0.78235E+00   0.11827E-02   0.15812E+01   0.12575E+01
   0.21300E+03   0.80294E+00   0.78741E+00   0.11888E-02   0.15915E+01   0.12616E+01
   0.21400E+03   0.80820E+00   0.79240E+00   0.11949E-02   0.16018E+01   0.12656E+01
   0.21500E+03   0.81346E+00   0.79733E+00   0.12008E-02   0.16120E+01   0.12696E+01
   0.21600E+03   0.81871E+00   0.80218E+00   0.12066E-02   0.16221E+01   0.12736E+01
   0.21700E+03   0.82396E+00   0.80695E+00   0.12123E-02   0.16321E+01   0.12775E+01
   0.21800E+03   0.82921E+00   0.81164E+00   0.12178E-02   0.16421E+01   0.12814E+01
   0.21900E+03   0.83445E+00   0.81623E+00   0.12232E-02   0.16519E+01   0.12853E+01
   0.22000E+03   0.83969E+00   0.82072E+00   0.12283E-02   0.16616E+01   0.12890E+01
   0.22100E+03   0.84492E+00   0.82510E+00   0.12332E-02   0.16712E+01   0.12928E+01
   0.22200E+03   0.85013E+00   0.82937E+00   0.12379E-02   0.16807E+01   0.12964E+01
   0.22300E+03   0.85534E+00   0.83354E+00   0.12423E-02   0.16901E+01   0.13000E+01
   0.22400E+03   0.86053E+00   0.83758E+00   0.12464E-02   0.16994E+01   0.13036E+01
   0.22500E+03   0.86570E+00   0.84151E+00   0.12503E-02   0.17085E+01   0.13071E+01
   0.22600E+03   0.87086E+00   0.84532E+00   0.12537E-02   0.17174E+01   0.13105E+01
   0.22700E+03   0.87600E+00   0.84901E+00   0.12569E-02   0.17263E+01   0.13139E+01
   0.22800E+03   0.88111E+00   0.85259E+00   0.12597E-02   0.17350E+01   0.13172E+01
   0.22900E+03   0.88620E+00   0.85604E+00   0.12621E-02   0.17435E+01   0.13204E+01
   0.23000E+03   0.89127E+00   0.85937E+00   0.12641E-02   0.17519E+01   0.13236E+01
   0.23100E+03   0.89631E+00   0.86259E+00   0.12657E-02   0.17602E+01   0.13267E+01
   0.23200E+03   0.90133E+00   0.86569E+00   0.12670E-02   0.17683E+01   0.13298E+01
   0.23300E+03   0.90632E+00   0.86868E+00   0.12678E-02   0.17763E+01   0.13328E+01
   0.23400E+03   0.91127E+00   0.87156E+00   0.12683E-02   0.17841E+01   0.13357E+01
   0.23500E+03   0.91620E+00   0.87433E+00   0.12684E-02   0.17918E+01   0.13386E+01
   0.23600E+03   0.92110E+00   0.87699E+00   0.12681E-02   0.17994E+01   0.13414E+01
   0.23700E+03   0.92596E+00   0.87956E+00   0.12675E-02   0.18068E+01   0.13442E+01
   0.23800E+03   0.93079E+00   0.88202E+00   0.12665E-02   0.18141E+01   0.13469E+01
   0.23900E+03   0.93559E+00   0.88440E+00   0.12651E-02   0.18213E+01   0.13495E+01
   0.24000E+03   0.94035E+00   0.88670E+00   0.12634E-02   0.18283E+01   0.13522E+01
   0.24100E+03   0.94508E+00   0.88891E+00   0.12613E-02   0.18353E+01   0.13547E+01
   0.24200E+03   0.94978E+00   0.89105E+00   0.12589E-02   0.18421E+01   0.13572E+01
   0.24300E+03   0.95443E+00   0.89311E+00   0.12562E-02   0.18488E+01   0.13597E+01
   0.24400E+03   0.95906E+00   0.89511E+00   0.12532E-02   0.18554E+01   0.13621E+01
   0.24500E+03   0.96365E+00   0.89705E+00   0.12500E-02   0.18619E+01   0.13645E+01
   0.24600E+03   0.96820E+00   0.89894E+00   0.12464E-02   0.18684E+01   0.13669E+01
   0.24700E+03   0.97272E+00   0.90077E+00   0.12426E-02   0.18747E+01   0.13692E+01
   0.24800E+03   0.97720E+00   0.90256E+00   0.12386E-02   0.18810E+01   0.13715E+01
   0.24900E+03   0.98166E+00   0.90431E+00   0.12344E-02   0.18872E+01   0.13738E+01
   0.25000E+03   0.98608E+00   0.90602E+00   0.12299E-02   0.18933E+01   0.13760E+01
   0.25100E+03   0.99047E+00   0.90769E+00   0.12253E-02   0.18994E+01   0.13782E+01
   0.25200E+03   0.99482E+00   0.90934E+00   0.12204E-02   0.19054E+01   0.13804E+01
   0.25300E+03   0.99915E+00   0.91096E+00   0.12154E-02   0.19113E+01   0.13825E+01
   0.25400E+03   0.10034E+01   0.91257E+00   0.12102E-02   0.19172E+01   0.13846E+01
   0.25500E+03   0.10077E+01   0.91415E+00   0.12049E-02   0.19231E+01   0.13867E+01
   0.25600E+03   0.10120E+01   0.91572E+00   0.11994E-02   0.19289E+01   0.13888E+01
   0.25700E+03   0.10162E+01   0.91728E+00   0.11938E-02   0.19346E+01   0.13909E+01
   0.25800E+03   0.10204E+01   0.91883E+00   0.11881E-02   0.19404E+01   0.13930E+01
   0.25900E+03   0.10245E+01   0.92038E+00   0.11822E-02   0.19461E+01   0.13950E+01
   0.26000E+03   0.10287E+01   0.92192E+00   0.11762E-02   0.19518E+01   0.13971E+01
   0.26100E+03   0.10328E+01   0.92346E+00   0.11701E-02   0.19574E+01   0.13991E+01
   0.26200E+03   0.10369E+01   0.92500E+00   0.11639E-02   0.19630E+01   0.14011E+01
   0.26300E+03   0.10409E+01   0.92655E+00   0.11576E-02   0.19686E+01   0.14031E+01
   0.26400E+03   0.10450E+01   0.92810E+00   0.11512E-02   0.19742E+01   0.14051E+01
   0.26500E+03   0.10490E+01   0.92966E+00   0.11447E-02   0.19798E+01   0.14070E+01
   0.26600E+03   0.10530E+01   0.93122E+00   0.11381E-02   0.19853E+01   0.14090E+01
   0.26700E+03   0.10569E+01   0.93280E+00   0.11315E-02   0.19909E+01   0.14110E+01
   0.26800E+03   0.10609E+01   0.93438E+00   0.11248E-02   0.19964E+01   0.14129E+01
   0.26900E+03   0.10648E+01   0.93598E+00   0.11181E-02   0.20019E+01   0.14149E+01
   0.27000E+03   0.10687E+01   0.93758E+00   0.11113E-02   0.20074E+01   0.14168E+01
   0.27100E+03   0.10726E+01   0.93920E+00   0.11044E-02   0.20129E+01   0.14188E+01
   0.27200E+03   0.10764E+01   0.94084E+00   0.10976E-02   0.20183E+01   0.14207E+01
   0.27300E+03   0.10802E+01   0.94248E+00   0.10907E-02   0.20238E+01   0.14226E+01
   0.27400E+03   0.10840E+01   0.94414E+00   0.10838E-02   0.20292E+01   0.14245E+01
   0.27500E+03   0.10878E+01   0.94581E+00   0.10769E-02   0.20347E+01   0.14264E+01
   0.27600E+03   0.10915E+01   0.94749E+00   0.10700E-02   0.20401E+01   0.14283E+01
   0.27700E+03   0.10952E+01   0.94919E+00   0.10632E-02   0.20455E+01   0.14302E+01
   0.27800E+03   0.10989E+01   0.95090E+00   0.10564E-02   0.20509E+01   0.14321E+01
   0.27900E+03   0.11026E+01   0.95262E+00   0.10496E-02   0.20562E+01   0.14340E+01
   0.28000E+03   0.11062E+01   0.95436E+00   0.10429E-02   0.20616E+01   0.14358E+01
   0.28100E+03   0.11098E+01   0.95611E+00   0.10363E-02   0.20669E+01   0.14377E+01
   0.28200E+03   0.11133E+01   0.95787E+00   0.10298E-02   0.20722E+01   0.14395E+01
   0.28300E+03   0.11169E+01   0.95964E+00   0.10235E-02   0.20775E+01   0.14414E+01
   0.28400E+03   0.11204E+01   0.96143E+00   0.10172E-02   0.20828E+01   0.14432E+01
   0.28500E+03   0.11238E+01   0.96323E+00   0.10111E-02   0.20881E+01   0.14450E+01
   0.28600E+03   0.11273E+01   0.96504E+00   0.10052E-02   0.20933E+01   0.14468E+01
   0.28700E+03   0.11307E+01   0.96686E+00   0.99943E-03   0.20985E+01   0.14486E+01
   0.28800E+03   0.11340E+01   0.96870E+00   0.99390E-03   0.21037E+01   0.14504E+01
   0.28900E+03   0.11374E+01   0.97055E+00   0.98860E-03   0.21089E+01   0.14522E+01
   0.29000E+03   0.11407E+01   0.97241E+00   0.98355E-03   0.21141E+01   0.14540E+01
   0.29100E+03   0.11440E+01   0.97429E+00   0.97875E-03   0.21192E+01   0.14558E+01
   0.29200E+03   0.11472E+01   0.97618E+00   0.97423E-03   0.21244E+01   0.14575E+01
   0.29300E+03   0.11504E+01   0.97808E+00   0.97001E-03   0.21295E+01   0.14593E+01
   0.29400E+03   0.11536E+01   0.98000E+00   0.96609E-03   0.21346E+01   0.14610E+01
   0.29500E+03   0.11568E+01   0.98193E+00   0.96250E-03   0.21397E+01   0.14628E+01
   0.29600E+03   0.11599E+01   0.98388E+00   0.95924E-03   0.21448E+01   0.14645E+01
   0.29700E+03   0.11631E+01   0.98584E+00   0.95632E-03   0.21499E+01   0.14662E+01
   0.29800E+03   0.11661E+01   0.98782E+00   0.95375E-03   0.21549E+01   0.14680E+01
   0.29900E+03   0.11692E+01   0.98982E+00   0.95154E-03   0.21600E+01   0.14697E+01
   0.30000E+03   0.11722E+01   0.99183E+00   0.94970E-03   0.21650E+01   0.14714E+01
   0.30100E+03   0.11753E+01   0.99387E+00   0.94822E-03   0.21701E+01   0.14731E+01
   0.30200E+03   0.11782E+01   0.99592E+00   0.94711E-03   0.21751E+01   0.14748E+01
   0.30300E+03   0.11812E+01   0.99799E+00   0.94638E-03   0.21802E+01   0.14765E+01
   0.30400E+03   0.11842E+01   0.10001E+01   0.94601E-03   0.21852E+01   0.14782E+01
   0.30500E+03   0.11871E+01   0.10022E+01   0.94601E-03   0.21903E+01   0.14800E+01
   0.30600E+03   0.11900E+01   0.10043E+01   0.94637E-03   0.21953E+01   0.14817E+01
   0.30700E+03   0.11929E+01   0.10065E+01   0.94710E-03   0.22004E+01   0.14834E+01
   0.30800E+03   0.11958E+01   0.10087E+01   0.94819E-03   0.22055E+01   0.14851E+01
   0.30900E+03   0.11987E+01   0.10109E+01   0.94965E-03   0.22106E+01   0.14868E+01
   0.31000E+03   0.12015E+01   0.10132E+01   0.95146E-03   0.22157E+01   0.14885E+01
   0.31100E+03   0.12044E+01   0.10155E+01   0.95363E-03   0.22208E+01   0.14902E+01
   0.31200E+03   0.12072E+01   0.10178E+01   0.95616E-03   0.22259E+01   0.14920E+01
   0.31300E+03   0.12100E+01   0.10201E+01   0.95904E-03   0.22311E+01   0.14937E+01
   0.31400E+03   0.12128E+01   0.10225E+01   0.96227E-03   0.22363E+01   0.14954E+01
   0.31500E+03   0.12156E+01   0.10249E+01   0.96586E-03   0.22415E+01   0.14972E+01
   0.31600E+03   0.12184E+01   0.10274E+01   0.96980E-03   0.22468E+01   0.14989E+01
   0.31700E+03   0.12212E+01   0.10299E+01   0.97410E-03   0.22521E+01   0.15007E+01
   0.31800E+03   0.12240E+01   0.10325E+01   0.97876E-03   0.22574E+01   0.15025E+01
   0.31900E+03   0.12267E+01   0.10351E+01   0.98378E-03   0.22628E+01   0.15042E+01
   0.32000E+03   0.12295E+01   0.10377E+01   0.98917E-03   0.22681E+01   0.15060E+01
   0.32100E+03   0.12322E+01   0.10404E+01   0.99493E-03   0.22736E+01   0.15078E+01
   0.32200E+03   0.12349E+01   0.10431E+01   0.10011E-02   0.22791E+01   0.15097E+01
   0.32300E+03   0.12376E+01   0.10459E+01   0.10076E-02   0.22846E+01   0.15115E+01
   0.32400E+03   0.12403E+01   0.10488E+01   0.10145E-02   0.22901E+01   0.15133E+01
   0.32500E+03   0.12430E+01   0.10517E+01   0.10218E-02   0.22957E+01   0.15152E+01
   0.32600E+03   0.12457E+01   0.10546E+01   0.10294E-02   0.23014E+01   0.15170E+01
   0.32700E+03   0.12484E+01   0.10576E+01   0.10375E-02   0.23070E+01   0.15189E+01
   0.32800E+03   0.12511E+01   0.10607E+01   0.10460E-02   0.23128E+01   0.15208E+01
   0.32900E+03   0.12537E+01   0.10638E+01   0.10548E-02   0.23186E+01   0.15227E+01
   0.33000E+03   0.12564E+01   0.10669E+01   0.10641E-02   0.23244E+01   0.15246E+01
   0.33100E+03   0.12590E+01   0.10702E+01   0.10737E-02   0.23303E+01   0.15265E+01
   0.33200E+03   0.12617E+01   0.10734E+01   0.10838E-02   0.23362E+01   0.15285E+01
   0.33300E+03   0.12643E+01   0.10768E+01   0.10942E-02   0.23422E+01   0.15304E+01
   0.33400E+03   0.12669E+01   0.10801E+01   0.11051E-02   0.23482E+01   0.15324E+01
   0.33500E+03   0.12696E+01   0.10836E+01   0.11163E-02   0.23543E+01   0.15344E+01
   0.33600E+03   0.12722E+01   0.10871E+01   0.11279E-02   0.23604E+01   0.15364E+01
   0.33700E+03   0.12748E+01   0.10906E+01   0.11399E-02   0.23666E+01   0.15384E+01
   0.33800E+03   0.12774E+01   0.10942E+01   0.11522E-02   0.23728E+01   0.15404E+01
   0.33900E+03   0.12800E+01   0.10979E+01   0.11649E-02   0.23791E+01   0.15424E+01
   0.34000E+03   0.12827E+01   0.11016E+01   0.11779E-02   0.23854E+01   0.15445E+01
   0.34100E+03   0.12853E+01   0.11053E+01   0.11912E-02   0.23918E+01   0.15466E+01
   0.34200E+03   0.12880E+01   0.11091E+01   0.12048E-02   0.23983E+01   0.15486E+01
   0.34300E+03   0.12906E+01   0.11130E+01   0.12186E-02   0.24048E+01   0.15507E+01
   0.34400E+03   0.12933E+01   0.11169E+01   0.12328E-02   0.24114E+01   0.15529E+01
   0.34500E+03   0.12960E+01   0.11208E+01   0.12471E-02   0.24180E+01   0.15550E+01
   0.34600E+03   0.12987E+01   0.11248E+01   0.12617E-02   0.24248E+01   0.15572E+01
   0.34700E+03   0.13014E+01   0.11288E+01   0.12765E-02   0.24315E+01   0.15593E+01
   0.34800E+03   0.13042E+01   0.11329E+01   0.12914E-02   0.24384E+01   0.15615E+01
   0.34900E+03   0.13070E+01   0.11370E+01   0.13065E-02   0.24453E+01   0.15638E+01
   0.35000E+03   0.13098E+01   0.11412E+01   0.13218E-02   0.24523E+01   0.15660E+01
   0.35100E+03   0.13127E+01   0.11454E+01   0.13371E-02   0.24594E+01   0.15683E+01
   0.35200E+03   0.13156E+01   0.11496E+01   0.13526E-02   0.24666E+01   0.15705E+01
   0.35300E+03   0.13185E+01   0.11539E+01   0.13681E-02   0.24738E+01   0.15728E+01
   0.35400E+03   0.13215E+01   0.11582E+01   0.13836E-02   0.24811E+01   0.15752E+01
   0.35500E+03   0.13246E+01   0.11626E+01   0.13991E-02   0.24885E+01   0.15775E+01
   0.35600E+03   0.13276E+01   0.11669E+01   0.14147E-02   0.24960E+01   0.15799E+01
   0.35700E+03   0.13308E+01   0.11714E+01   0.14302E-02   0.25036E+01   0.15823E+01
   0.35800E+03   0.13339E+01   0.11758E+01   0.14456E-02   0.25112E+01   0.15847E+01
   0.35900E+03   0.13372E+01   0.11803E+01   0.14610E-02   0.25189E+01   0.15871E+01
   0.36000E+03   0.13404E+01   0.11848E+01   0.14763E-02   0.25267E+01   0.15896E+01
   0.36100E+03   0.13438E+01   0.11894E+01   0.14915E-02   0.25346E+01   0.15920E+01
   0.36200E+03   0.13471E+01   0.11939E+01   0.15066E-02   0.25426E+01   0.15945E+01
   0.36300E+03   0.13505E+01   0.11986E+01   0.15215E-02   0.25506E+01   0.15971E+01
   0.36400E+03   0.13540E+01   0.12032E+01   0.15363E-02   0.25587E+01   0.15996E+01
   0.36500E+03   0.13575E+01   0.12079E+01   0.15509E-02   0.25669E+01   0.16022E+01
   0.36600E+03   0.13611E+01   0.12125E+01   0.15654E-02   0.25752E+01   0.16047E+01
   0.36700E+03   0.13647E+01   0.12173E+01   0.15797E-02   0.25835E+01   0.16073E+01
   0.36800E+03   0.13684E+01   0.12220E+01   0.15938E-02   0.25920E+01   0.16100E+01
   0.36900E+03   0.13721E+01   0.12268E+01   0.16077E-02   0.26004E+01   0.16126E+01
   0.37000E+03   0.13758E+01   0.12316E+01   0.16214E-02   0.26090E+01   0.16152E+01
   0.37100E+03   0.13796E+01   0.12364E+01   0.16349E-02   0.26176E+01   0.16179E+01
   0.37200E+03   0.13834E+01   0.12412E+01   0.16482E-02   0.26263E+01   0.16206E+01
   0.37300E+03   0.13873E+01   0.12461E+01   0.16613E-02   0.26350E+01   0.16233E+01
   0.37400E+03   0.13912E+01   0.12509E+01   0.16742E-02   0.26438E+01   0.16260E+01
   0.37500E+03   0.13951E+01   0.12558E+01   0.16868E-02   0.26526E+01   0.16287E+01
   0.37600E+03   0.13991E+01   0.12607E+01   0.16992E-02   0.26615E+01   0.16314E+01
   0.37700E+03   0.14031E+01   0.12657E+01   0.17114E-02   0.26705E+01   0.16342E+01
   0.37800E+03   0.14071E+01   0.12706E+01   0.17232E-02   0.26795E+01   0.16369E+01
   0.37900E+03   0.14112E+01   0.12756E+01   0.17348E-02   0.26885E+01   0.16397E+01
   0.38000E+03   0.14153E+01   0.12805E+01   0.17461E-02   0.26976E+01   0.16424E+01
   0.38100E+03   0.14195E+01   0.12855E+01   0.17571E-02   0.27068E+01   0.16452E+01
   0.38200E+03   0.14237E+01   0.12905E+01   0.17677E-02   0.27160E+01   0.16480E+01
   0.38300E+03   0.14279E+01   0.12955E+01   0.17780E-02   0.27252E+01   0.16508E+01
   0.38400E+03   0.14322E+01   0.13005E+01   0.17879E-02   0.27344E+01   0.16536E+01
   0.38500E+03   0.14365E+01   0.13054E+01   0.17975E-02   0.27437E+01   0.16564E+01
   0.38600E+03   0.14408E+01   0.13104E+01   0.18066E-02   0.27531E+01   0.16592E+01
   0.38700E+03   0.14452E+01   0.13154E+01   0.18154E-02   0.27624E+01   0.16621E+01
   0.38800E+03   0.14496E+01   0.13204E+01   0.18237E-02   0.27718E+01   0.16649E+01
   0.38900E+03   0.14540E+01   0.13254E+01   0.18317E-02   0.27812E+01   0.16677E+01
   0.39000E+03   0.14585E+01   0.13303E+01   0.18391E-02   0.27907E+01   0.16705E+01
   0.39100E+03   0.14630E+01   0.13353E+01   0.18462E-02   0.28002E+01   0.16734E+01
   0.39200E+03   0.14675E+01   0.13403E+01   0.18527E-02   0.28097E+01   0.16762E+01
   0.39300E+03   0.14721E+01   0.13452E+01   0.18587E-02   0.28192E+01   0.16790E+01
   0.39400E+03   0.14767E+01   0.13501E+01   0.18642E-02   0.28287E+01   0.16819E+01
   0.39500E+03   0.14813E+01   0.13551E+01   0.18692E-02   0.28383E+01   0.16847E+01
   0.39600E+03   0.14860E+01   0.13600E+01   0.18736E-02   0.28479E+01   0.16876E+01
   0.39700E+03   0.14907E+01   0.13649E+01   0.18775E-02   0.28575E+01   0.16904E+01
   0.39800E+03   0.14954E+01   0.13698E+01   0.18807E-02   0.28671E+01   0.16933E+01
   0.39900E+03   0.15002E+01   0.13747E+01   0.18833E-02   0.28768E+01   0.16961E+01
   0.40000E+03   0.15051E+01   0.13796E+01   0.18853E-02   0.28865E+01   0.16990E+01
   0.40100E+03   0.15099E+01   0.13844E+01   0.18867E-02   0.28962E+01   0.17018E+01
   0.40200E+03   0.15148E+01   0.13893E+01   0.18874E-02   0.29060E+01   0.17047E+01
   0.40300E+03   0.15198E+01   0.13941E+01   0.18874E-02   0.29158E+01   0.17076E+01
   0.40400E+03   0.15248E+01   0.13989E+01   0.18866E-02   0.29256E+01   0.17104E+01
   0.40500E+03   0.15299E+01   0.14037E+01   0.18852E-02   0.29355E+01   0.17133E+01
   0.40600E+03   0.15350E+01   0.14085E+01   0.18830E-02   0.29454E+01   0.17162E+01
   0.40700E+03   0.15402E+01   0.14133E+01   0.18801E-02   0.29554E+01   0.17191E+01
   0.40800E+03   0.15455E+01   0.14180E+01   0.18764E-02   0.29654E+01   0.17220E+01
   0.40900E+03   0.15508E+01   0.14228E+01   0.18719E-02   0.29754E+01   0.17249E+01
   0.41000E+03   0.15562E+01   0.14275E+01   0.18666E-02   0.29855E+01   0.17279E+01
   0.41100E+03   0.15616E+01   0.14322E+01   0.18606E-02   0.29957E+01   0.17308E+01
   0.41200E+03   0.15671E+01   0.14369E+01   0.18538E-02   0.30059E+01   0.17338E+01
   0.41300E+03   0.15727E+01   0.14416E+01   0.18462E-02   0.30162E+01   0.17367E+01
   0.41400E+03   0.15784E+01   0.14463E+01   0.18378E-02   0.30265E+01   0.17397E+01
   0.41500E+03   0.15841E+01   0.14510E+01   0.18287E-02   0.30369E+01   0.17427E+01
   0.41600E+03   0.15899E+01   0.14557E+01   0.18188E-02   0.30474E+01   0.17457E+01
   0.41700E+03   0.15958E+01   0.14604E+01   0.18082E-02   0.30580E+01   0.17487E+01
   0.41800E+03   0.16018E+01   0.14650E+01   0.17969E-02   0.30686E+01   0.17517E+01
   0.41900E+03   0.16078E+01   0.14697E+01   0.17849E-02   0.30793E+01   0.17548E+01
   0.42000E+03   0.16139E+01   0.14743E+01   0.17722E-02   0.30900E+01   0.17578E+01
   0.42100E+03   0.16201E+01   0.14790E+01   0.17589E-02   0.31008E+01   0.17609E+01
   0.42200E+03   0.16263E+01   0.14837E+01   0.17449E-02   0.31117E+01   0.17640E+01
   0.42300E+03   0.16326E+01   0.14883E+01   0.17305E-02   0.31227E+01   0.17671E+01
   0.42400E+03   0.16390E+01   0.14930E+01   0.17155E-02   0.31337E+01   0.17702E+01
   0.42500E+03   0.16454E+01   0.14976E+01   0.17000E-02   0.31448E+01   0.17734E+01
   0.42600E+03   0.16519E+01   0.15023E+01   0.16840E-02   0.31559E+01   0.17765E+01
   0.42700E+03   0.16585E+01   0.15070E+01   0.16676E-02   0.31671E+01   0.17796E+01
   0.42800E+03   0.16650E+01   0.15117E+01   0.16509E-02   0.31784E+01   0.17828E+01
   0.42900E+03   0.16717E+01   0.15163E+01   0.16338E-02   0.31896E+01   0.17860E+01
   0.43000E+03   0.16783E+01   0.15210E+01   0.16164E-02   0.32010E+01   0.17891E+01
   0.43100E+03   0.16850E+01   0.15257E+01   0.15987E-02   0.32123E+01   0.17923E+01
   0.43200E+03   0.16918E+01   0.15304E+01   0.15808E-02   0.32238E+01   0.17955E+01
   0.43300E+03   0.16985E+01   0.15351E+01   0.15627E-02   0.32352E+01   0.17987E+01
   0.43400E+03   0.17053E+01   0.15398E+01   0.15443E-02   0.32466E+01   0.18018E+01
   0.43500E+03   0.17120E+01   0.15445E+01   0.15258E-02   0.32581E+01   0.18050E+01
   0.43600E+03   0.17188E+01   0.15493E+01   0.15072E-02   0.32695E+01   0.18082E+01
   0.43700E+03   0.17255E+01   0.15540E+01   0.14884E-02   0.32810E+01   0.18114E+01
   0.43800E+03   0.17323E+01   0.15587E+01   0.14695E-02   0.32924E+01   0.18145E+01
   0.43900E+03   0.17390E+01   0.15634E+01   0.14505E-02   0.33039E+01   0.18177E+01
   0.44000E+03   0.17457E+01   0.15682E+01   0.14313E-02   0.33153E+01   0.18208E+01
   0.44100E+03   0.17523E+01   0.15729E+01   0.14121E-02   0.33267E+01   0.18239E+01
   0.44200E+03   0.17590E+01   0.15777E+01   0.13928E-02   0.33380E+01   0.18270E+01
   0.44300E+03   0.17656E+01   0.15824E+01   0.13734E-02   0.33494E+01   0.18301E+01
   0.44400E+03   0.17721E+01   0.15872E+01   0.13540E-02   0.33607E+01   0.18332E+01
   0.44500E+03   0.17786E+01   0.15920E+01   0.13344E-02   0.33719E+01   0.18363E+01
   0.44600E+03   0.17850E+01   0.15967E+01   0.13149E-02   0.33831E+01   0.18393E+01
   0.44700E+03   0.17914E+01   0.16015E+01   0.12952E-02   0.33942E+01   0.18423E+01
   0.44800E+03   0.17978E+01   0.16063E+01   0.12755E-02   0.34054E+01   0.18454E+01
   0.44900E+03   0.18041E+01   0.16111E+01   0.12557E-02   0.34164E+01   0.18484E+01
   0.45000E+03   0.18103E+01   0.16159E+01   0.12359E-02   0.34275E+01   0.18513E+01
   0.45100E+03   0.18165E+01   0.16207E+01   0.12160E-02   0.34385E+01   0.18543E+01
   0.45200E+03   0.18227E+01   0.16255E+01   0.11960E-02   0.34494E+01   0.18573E+01
   0.45300E+03   0.18288E+01   0.16304E+01   0.11761E-02   0.34603E+01   0.18602E+01
   0.45400E+03   0.18349E+01   0.16352E+01   0.11560E-02   0.34713E+01   0.18631E+01
   0.45500E+03   0.18409E+01   0.16401E+01   0.11360E-02   0.34822E+01   0.18661E+01
   0.45600E+03   0.18470E+01   0.16450E+01   0.11159E-02   0.34931E+01   0.18690E+01
   0.45700E+03   0.18530E+01   0.16499E+01   0.10958E-02   0.35040E+01   0.18719E+01
   0.45800E+03   0.18590E+01   0.16548E+01   0.10758E-02   0.35149E+01   0.18748E+01
   0.45900E+03   0.18650E+01   0.16598E+01   0.10557E-02   0.35258E+01   0.18777E+01
   0.46000E+03   0.18710E+01   0.16648E+01   0.10356E-02   0.35368E+01   0.18806E+01
   0.46100E+03   0.18770E+01   0.16698E+01   0.10156E-02   0.35478E+01   0.18836E+01
   0.46200E+03   0.18830E+01   0.16749E+01   0.99566E-03   0.35589E+01   0.18865E+01
   0.46300E+03   0.18891E+01   0.16800E+01   0.97577E-03   0.35701E+01   0.18895E+01
   0.46400E+03   0.18951E+01   0.16852E+01   0.95595E-03   0.35813E+01   0.18924E+01
   0.46500E+03   0.19012E+01   0.16904E+01   0.93624E-03   0.35926E+01   0.18954E+01
   0.46600E+03   0.19074E+01   0.16957E+01   0.91665E-03   0.36040E+01   0.18984E+01
   0.46700E+03   0.19136E+01   0.17010E+01   0.89722E-03   0.36155E+01   0.19014E+01
   0.46800E+03   0.19198E+01   0.17064E+01   0.87796E-03   0.36271E+01   0.19045E+01
   0.46900E+03   0.19262E+01   0.17118E+01   0.85891E-03   0.36389E+01   0.19076E+01
   0.47000E+03   0.19325E+01   0.17173E+01   0.84010E-03   0.36507E+01   0.19107E+01
   0.47100E+03   0.19390E+01   0.17229E+01   0.82155E-03   0.36628E+01   0.19138E+01
   0.47200E+03   0.19455E+01   0.17286E+01   0.80332E-03   0.36749E+01   0.19170E+01
   0.47300E+03   0.19522E+01   0.17343E+01   0.78541E-03   0.36872E+01   0.19202E+01
   0.47400E+03   0.19589E+01   0.17401E+01   0.76789E-03   0.36997E+01   0.19235E+01
   0.47500E+03   0.19657E+01   0.17460E+01   0.75077E-03   0.37124E+01   0.19268E+01
   0.47600E+03   0.19726E+01   0.17519E+01   0.73409E-03   0.37252E+01   0.19301E+01
   0.47700E+03   0.19796E+01   0.17580E+01   0.71787E-03   0.37382E+01   0.19335E+01
   0.47800E+03   0.19867E+01   0.17641E+01   0.70213E-03   0.37514E+01   0.19369E+01
   0.47900E+03   0.19939E+01   0.17703E+01   0.68690E-03   0.37648E+01   0.19403E+01
   0.48000E+03   0.20012E+01   0.17765E+01   0.67221E-03   0.37784E+01   0.19438E+01
   0.48100E+03   0.20086E+01   0.17828E+01   0.65809E-03   0.37921E+01   0.19473E+01
   0.48200E+03   0.20161E+01   0.17892E+01   0.64456E-03   0.38060E+01   0.19509E+01
   0.48300E+03   0.20237E+01   0.17957E+01   0.63165E-03   0.38200E+01   0.19545E+01
   0.48400E+03   0.20314E+01   0.18022E+01   0.61937E-03   0.38342E+01   0.19581E+01
   0.48500E+03   0.20392E+01   0.18088E+01   0.60773E-03   0.38485E+01   0.19618E+01
   0.48600E+03   0.20470E+01   0.18154E+01   0.59677E-03   0.38630E+01   0.19655E+01
   0.48700E+03   0.20549E+01   0.18220E+01   0.58648E-03   0.38776E+01   0.19692E+01
   0.48800E+03   0.20629E+01   0.18287E+01   0.57685E-03   0.38922E+01   0.19729E+01
   0.48900E+03   0.20709E+01   0.18354E+01   0.56788E-03   0.39069E+01   0.19766E+01
   0.49000E+03   0.20790E+01   0.18421E+01   0.55955E-03   0.39217E+01   0.19803E+01
   0.49100E+03   0.20871E+01   0.18488E+01   0.55184E-03   0.39364E+01   0.19840E+01
   0.49200E+03   0.20951E+01   0.18555E+01   0.54473E-03   0.39512E+01   0.19878E+01
   0.49300E+03   0.21032E+01   0.18622E+01   0.53817E-03   0.39659E+01   0.19915E+01
   0.49400E+03   0.21113E+01   0.18688E+01   0.53213E-03   0.39806E+01   0.19952E+01
   0.49500E+03   0.21194E+01   0.18753E+01   0.52656E-03   0.39953E+01   0.19988E+01
   0.49600E+03   0.21275E+01   0.18818E+01   0.52141E-03   0.40098E+01   0.20024E+01
   0.49700E+03   0.21355E+01   0.18882E+01   0.51665E-03   0.40242E+01   0.20060E+01
   0.49800E+03   0.21435E+01   0.18945E+01   0.51224E-03   0.40385E+01   0.20096E+01
   0.49900E+03   0.21515E+01   0.19006E+01   0.50815E-03   0.40527E+01   0.20131E+01
   0.50000E+03   0.21595E+01   0.19067E+01   0.50435E-03   0.40667E+01   0.20166E+01
   0.50100E+03   0.21675E+01   0.19126E+01   0.50082E-03   0.40806E+01   0.20201E+01
   0.50200E+03   0.21754E+01   0.19184E+01   0.49752E-03   0.40944E+01   0.20235E+01
   0.50300E+03   0.21834E+01   0.19241E+01   0.49444E-03   0.41080E+01   0.20268E+01
   0.50400E+03   0.21913E+01   0.19297E+01   0.49156E-03   0.41215E+01   0.20301E+01
   0.50500E+03   0.21993E+01   0.19351E+01   0.48887E-03   0.41349E+01   0.20334E+01
   0.50600E+03   0.22073E+01   0.19404E+01   0.48637E-03   0.41481E+01   0.20367E+01
   0.50700E+03   0.22153E+01   0.19455E+01   0.48403E-03   0.41613E+01   0.20399E+01
   0.50800E+03   0.22233E+01   0.19506E+01   0.48187E-03   0.41744E+01   0.20431E+01
   0.50900E+03   0.22313E+01   0.19555E+01   0.47986E-03   0.41873E+01   0.20463E+01
   0.51000E+03   0.22394E+01   0.19604E+01   0.47801E-03   0.42003E+01   0.20495E+01
   0.51100E+03   0.22476E+01   0.19651E+01   0.47631E-03   0.42131E+01   0.20526E+01
   0.51200E+03   0.22558E+01   0.19697E+01   0.47476E-03   0.42260E+01   0.20557E+01
   0.51300E+03   0.22640E+01   0.19743E+01   0.47336E-03   0.42388E+01   0.20588E+01
   0.51400E+03   0.22724E+01   0.19788E+01   0.47211E-03   0.42516E+01   0.20619E+01
   0.51500E+03   0.22808E+01   0.19832E+01   0.47100E-03   0.42644E+01   0.20650E+01
   0.51600E+03   0.22893E+01   0.19875E+01   0.47002E-03   0.42772E+01   0.20681E+01
   0.51700E+03   0.22979E+01   0.19917E+01   0.46918E-03   0.42901E+01   0.20712E+01
   0.51800E+03   0.23066E+01   0.19959E+01   0.46846E-03   0.43030E+01   0.20744E+01
   0.51900E+03   0.23154E+01   0.20001E+01   0.46786E-03   0.43159E+01   0.20775E+01
   0.52000E+03   0.23243E+01   0.20042E+01   0.46737E-03   0.43289E+01   0.20806E+01
   0.52100E+03   0.23334E+01   0.20082E+01   0.46698E-03   0.43420E+01   0.20838E+01
   0.52200E+03   0.23426E+01   0.20121E+01   0.46668E-03   0.43552E+01   0.20869E+01
   0.52300E+03   0.23520E+01   0.20160E+01   0.46645E-03   0.43685E+01   0.20901E+01
   0.52400E+03   0.23615E+01   0.20199E+01   0.46630E-03   0.43819E+01   0.20933E+01
   0.52500E+03   0.23712E+01   0.20237E+01   0.46621E-03   0.43953E+01   0.20965E+01
   0.52600E+03   0.23810E+01   0.20274E+01   0.46617E-03   0.44089E+01   0.20997E+01
   0.52700E+03   0.23910E+01   0.20311E+01   0.46617E-03   0.44226E+01   0.21030E+01
   0.52800E+03   0.24012E+01   0.20347E+01   0.46619E-03   0.44364E+01   0.21063E+01
   0.52900E+03   0.24116E+01   0.20382E+01   0.46623E-03   0.44503E+01   0.21096E+01
   0.53000E+03   0.24221E+01   0.20417E+01   0.46628E-03   0.44642E+01   0.21129E+01
   0.53100E+03   0.24328E+01   0.20451E+01   0.46632E-03   0.44783E+01   0.21162E+01
   0.53200E+03   0.24437E+01   0.20483E+01   0.46636E-03   0.44925E+01   0.21195E+01
   0.53300E+03   0.24547E+01   0.20515E+01   0.46639E-03   0.45067E+01   0.21229E+01
   0.53400E+03   0.24660E+01   0.20546E+01   0.46640E-03   0.45210E+01   0.21263E+01
   0.53500E+03   0.24773E+01   0.20576E+01   0.46639E-03   0.45354E+01   0.21296E+01
   0.53600E+03   0.24889E+01   0.20604E+01   0.46637E-03   0.45498E+01   0.21330E+01
   0.53700E+03   0.25006E+01   0.20632E+01   0.46633E-03   0.45643E+01   0.21364E+01
   0.53800E+03   0.25125E+01   0.20658E+01   0.46628E-03   0.45787E+01   0.21398E+01
   0.53900E+03   0.25245E+01   0.20682E+01   0.46621E-03   0.45932E+01   0.21432E+01
   0.54000E+03   0.25367E+01   0.20705E+01   0.46613E-03   0.46077E+01   0.21466E+01
   0.54100E+03   0.25490E+01   0.20727E+01   0.46605E-03   0.46222E+01   0.21499E+01
   0.54200E+03   0.25615E+01   0.20747E+01   0.46596E-03   0.46366E+01   0.21533E+01
   0.54300E+03   0.25741E+01   0.20765E+01   0.46587E-03   0.46510E+01   0.21566E+01
   0.54400E+03   0.25868E+01   0.20781E+01   0.46581E-03   0.46654E+01   0.21599E+01
   0.54500E+03   0.25996E+01   0.20796E+01   0.46577E-03   0.46797E+01   0.21633E+01
   0.54600E+03   0.26126E+01   0.20809E+01   0.46577E-03   0.46939E+01   0.21665E+01
   0.54700E+03   0.26256E+01   0.20820E+01   0.46582E-03   0.47080E+01   0.21698E+01
   0.54800E+03   0.26387E+01   0.20829E+01   0.46593E-03   0.47221E+01   0.21730E+01
   0.54900E+03   0.26519E+01   0.20836E+01   0.46609E-03   0.47360E+01   0.21762E+01
   0.55000E+03   0.26652E+01   0.20841E+01   0.46632E-03   0.47499E+01   0.21794E+01
   0.55100E+03   0.26786E+01   0.20845E+01   0.46662E-03   0.47636E+01   0.21826E+01
   0.55200E+03   0.26921E+01   0.20847E+01   0.46700E-03   0.47772E+01   0.21857E+01
   0.55300E+03   0.27056E+01   0.20846E+01   0.46748E-03   0.47907E+01   0.21888E+01
   0.55400E+03   0.27191E+01   0.20844E+01   0.46804E-03   0.48040E+01   0.21918E+01
   0.55500E+03   0.27327E+01   0.20841E+01   0.46870E-03   0.48173E+01   0.21948E+01
   0.55600E+03   0.27464E+01   0.20835E+01   0.46946E-03   0.48304E+01   0.21978E+01
   0.55700E+03   0.27601E+01   0.20828E+01   0.47031E-03   0.48434E+01   0.22008E+01
   0.55800E+03   0.27738E+01   0.20819E+01   0.47126E-03   0.48562E+01   0.22037E+01
   0.55900E+03   0.27876E+01   0.20809E+01   0.47230E-03   0.48690E+01   0.22066E+01
   0.56000E+03   0.28014E+01   0.20797E+01   0.47342E-03   0.48816E+01   0.22094E+01
   0.56100E+03   0.28152E+01   0.20784E+01   0.47461E-03   0.48941E+01   0.22123E+01
   0.56200E+03   0.28290E+01   0.20770E+01   0.47587E-03   0.49065E+01   0.22151E+01
   0.56300E+03   0.28429E+01   0.20754E+01   0.47719E-03   0.49188E+01   0.22178E+01
   0.56400E+03   0.28568E+01   0.20737E+01   0.47857E-03   0.49310E+01   0.22206E+01
   0.56500E+03   0.28707E+01   0.20719E+01   0.48001E-03   0.49431E+01   0.22233E+01
   0.56600E+03   0.28845E+01   0.20701E+01   0.48149E-03   0.49551E+01   0.22260E+01
   0.56700E+03   0.28984E+01   0.20681E+01   0.48301E-03   0.49670E+01   0.22287E+01
   0.56800E+03   0.29123E+01   0.20660E+01   0.48456E-03   0.49788E+01   0.22313E+01
   0.56900E+03   0.29263E+01   0.20639E+01   0.48612E-03   0.49906E+01   0.22340E+01
   0.57000E+03   0.29402E+01   0.20616E+01   0.48768E-03   0.50023E+01   0.22366E+01
   0.57100E+03   0.29541E+01   0.20593E+01   0.48924E-03   0.50139E+01   0.22392E+01
   0.57200E+03   0.29680E+01   0.20570E+01   0.49080E-03   0.50254E+01   0.22417E+01
   0.57300E+03   0.29819E+01   0.20545E+01   0.49235E-03   0.50369E+01   0.22443E+01
   0.57400E+03   0.29958E+01   0.20520E+01   0.49389E-03   0.50483E+01   0.22468E+01
   0.57500E+03   0.30097E+01   0.20495E+01   0.49544E-03   0.50597E+01   0.22494E+01
   0.57600E+03   0.30236E+01   0.20469E+01   0.49699E-03   0.50710E+01   0.22519E+01
   0.57700E+03   0.30375E+01   0.20442E+01   0.49855E-03   0.50822E+01   0.22544E+01
   0.57800E+03   0.30515E+01   0.20415E+01   0.50010E-03   0.50935E+01   0.22569E+01
   0.57900E+03   0.30654E+01   0.20387E+01   0.50165E-03   0.51046E+01   0.22593E+01
   0.58000E+03   0.30793E+01   0.20359E+01   0.50320E-03   0.51158E+01   0.22618E+01
   0.58100E+03   0.30933E+01   0.20331E+01   0.50476E-03   0.51269E+01   0.22643E+01
   0.58200E+03   0.31073E+01   0.20302E+01   0.50634E-03   0.51380E+01   0.22667E+01
   0.58300E+03   0.31213E+01   0.20273E+01   0.50794E-03   0.51490E+01   0.22691E+01
   0.58400E+03   0.31353E+01   0.20243E+01   0.50959E-03   0.51601E+01   0.22716E+01
   0.58500E+03   0.31493E+01   0.20213E+01   0.51128E-03   0.51711E+01   0.22740E+01
   0.58600E+03   0.31634E+01   0.20182E+01   0.51304E-03   0.51821E+01   0.22764E+01
   0.58700E+03   0.31775E+01   0.20151E+01   0.51487E-03   0.51932E+01   0.22788E+01
   0.58800E+03   0.31917E+01   0.20120E+01   0.51680E-03   0.52042E+01   0.22813E+01
   0.58900E+03   0.32058E+01   0.20088E+01   0.51882E-03   0.52152E+01   0.22837E+01
   0.59000E+03   0.32201E+01   0.20056E+01   0.52096E-03   0.52262E+01   0.22861E+01
   0.59100E+03   0.32344E+01   0.20024E+01   0.52322E-03   0.52373E+01   0.22885E+01
   0.59200E+03   0.32487E+01   0.19991E+01   0.52563E-03   0.52483E+01   0.22909E+01
   0.59300E+03   0.32631E+01   0.19957E+01   0.52818E-03   0.52594E+01   0.22933E+01
   0.59400E+03   0.32776E+01   0.19924E+01   0.53090E-03   0.52705E+01   0.22958E+01
   0.59500E+03   0.32922E+01   0.19890E+01   0.53378E-03   0.52817E+01   0.22982E+01
   0.59600E+03   0.33068E+01   0.19856E+01   0.53684E-03   0.52929E+01   0.23006E+01
   0.59700E+03   0.33215E+01   0.19821E+01   0.54008E-03   0.53042E+01   0.23031E+01
   0.59800E+03   0.33363E+01   0.19786E+01   0.54351E-03   0.53155E+01   0.23055E+01
   0.59900E+03   0.33512E+01   0.19751E+01   0.54713E-03   0.53269E+01   0.23080E+01
   0.60000E+03   0.33662E+01   0.19716E+01   0.55094E-03   0.53383E+01   0.23105E+01
   0.60100E+03   0.33812E+01   0.19680E+01   0.55493E-03   0.53498E+01   0.23130E+01
   0.60200E+03   0.33963E+01   0.19644E+01   0.55912E-03   0.53613E+01   0.23154E+01
   0.60300E+03   0.34116E+01   0.19608E+01   0.56350E-03   0.53729E+01   0.23179E+01
   0.60400E+03   0.34269E+01   0.19571E+01   0.56806E-03   0.53846E+01   0.23205E+01
   0.60500E+03   0.34423E+01   0.19534E+01   0.57280E-03   0.53963E+01   0.23230E+01
   0.60600E+03   0.34578E+01   0.19497E+01   0.57771E-03   0.54081E+01   0.23255E+01
   0.60700E+03   0.34734E+01   0.19460E+01   0.58279E-03   0.54200E+01   0.23281E+01
   0.60800E+03   0.34891E+01   0.19422E+01   0.58803E-03   0.54319E+01   0.23306E+01
   0.60900E+03   0.35048E+01   0.19384E+01   0.59341E-03   0.54438E+01   0.23332E+01
   0.61000E+03   0.35206E+01   0.19347E+01   0.59894E-03   0.54559E+01   0.23358E+01
   0.61100E+03   0.35365E+01   0.19309E+01   0.60459E-03   0.54679E+01   0.23384E+01
   0.61200E+03   0.35524E+01   0.19271E+01   0.61037E-03   0.54800E+01   0.23409E+01
   0.61300E+03   0.35683E+01   0.19233E+01   0.61626E-03   0.54922E+01   0.23435E+01
   0.61400E+03   0.35843E+01   0.19195E+01   0.62225E-03   0.55044E+01   0.23461E+01
   0.61500E+03   0.36002E+01   0.19157E+01   0.62834E-03   0.55166E+01   0.23487E+01
   0.61600E+03   0.36162E+01   0.19120E+01   0.63452E-03   0.55288E+01   0.23513E+01
   0.61700E+03   0.36321E+01   0.19083E+01   0.64078E-03   0.55411E+01   0.23540E+01
   0.61800E+03   0.36480E+01   0.19047E+01   0.64713E-03   0.55534E+01   0.23566E+01
   0.61900E+03   0.36638E+01   0.19012E+01   0.65355E-03   0.55656E+01   0.23592E+01
   0.62000E+03   0.36795E+01   0.18977E+01   0.66004E-03   0.55779E+01   0.23618E+01
   0.62100E+03   0.36951E+01   0.18944E+01   0.66661E-03   0.55902E+01   0.23644E+01
   0.62200E+03   0.37106E+01   0.18911E+01   0.67326E-03   0.56024E+01   0.23669E+01
   0.62300E+03   0.37258E+01   0.18880E+01   0.67997E-03   0.56145E+01   0.23695E+01
   0.62400E+03   0.37409E+01   0.18849E+01   0.68674E-03   0.56265E+01   0.23720E+01
   0.62500E+03   0.37558E+01   0.18820E+01   0.69358E-03   0.56385E+01   0.23745E+01
   0.62600E+03   0.37704E+01   0.18792E+01   0.70047E-03   0.56503E+01   0.23770E+01
   0.62700E+03   0.37848E+01   0.18765E+01   0.70739E-03   0.56620E+01   0.23795E+01
   0.62800E+03   0.37988E+01   0.18739E+01   0.71434E-03   0.56734E+01   0.23819E+01
   0.62900E+03   0.38126E+01   0.18715E+01   0.72131E-03   0.56847E+01   0.23843E+01
   0.63000E+03   0.38260E+01   0.18691E+01   0.72825E-03   0.56958E+01   0.23866E+01
   0.63100E+03   0.38390E+01   0.18669E+01   0.73516E-03   0.57067E+01   0.23889E+01
   0.63200E+03   0.38517E+01   0.18648E+01   0.74200E-03   0.57173E+01   0.23911E+01
   0.63300E+03   0.38640E+01   0.18629E+01   0.74872E-03   0.57277E+01   0.23933E+01
   0.63400E+03   0.38759E+01   0.18611E+01   0.75528E-03   0.57377E+01   0.23954E+01
   0.63500E+03   0.38874E+01   0.18593E+01   0.76163E-03   0.57475E+01   0.23974E+01
   0.63600E+03   0.38985E+01   0.18577E+01   0.76771E-03   0.57570E+01   0.23994E+01
   0.63700E+03   0.39092E+01   0.18562E+01   0.77343E-03   0.57662E+01   0.24013E+01
   0.63800E+03   0.39194E+01   0.18548E+01   0.77873E-03   0.57750E+01   0.24031E+01
   0.63900E+03   0.39292E+01   0.18536E+01   0.78353E-03   0.57836E+01   0.24049E+01
   0.64000E+03   0.39386E+01   0.18523E+01   0.78772E-03   0.57918E+01   0.24066E+01
   0.64100E+03   0.39476E+01   0.18512E+01   0.79121E-03   0.57996E+01   0.24082E+01
   0.64200E+03   0.39562E+01   0.18502E+01   0.79390E-03   0.58071E+01   0.24098E+01
   0.64300E+03   0.39643E+01   0.18491E+01   0.79569E-03   0.58143E+01   0.24113E+01
   0.64400E+03   0.39721E+01   0.18482E+01   0.79650E-03   0.58211E+01   0.24127E+01
   0.64500E+03   0.39795E+01   0.18473E+01   0.79625E-03   0.58275E+01   0.24140E+01
   0.64600E+03   0.39864E+01   0.18463E+01   0.79486E-03   0.58336E+01   0.24153E+01
   0.64700E+03   0.39930E+01   0.18454E+01   0.79228E-03   0.58392E+01   0.24165E+01
   0.64800E+03   0.39992E+01   0.18445E+01   0.78848E-03   0.58445E+01   0.24175E+01
   0.64900E+03   0.40049E+01   0.18436E+01   0.78343E-03   0.58493E+01   0.24185E+01
   0.65000E+03   0.40102E+01   0.18427E+01   0.77715E-03   0.58537E+01   0.24194E+01
   0.65100E+03   0.40152E+01   0.18417E+01   0.76959E-03   0.58576E+01   0.24203E+01
   0.65200E+03   0.40197E+01   0.18406E+01   0.76082E-03   0.58611E+01   0.24210E+01
   0.65300E+03   0.40239E+01   0.18395E+01   0.75089E-03   0.58642E+01   0.24216E+01
   0.65400E+03   0.40276E+01   0.18383E+01   0.73992E-03   0.58667E+01   0.24221E+01
   0.65500E+03   0.40309E+01   0.18371E+01   0.72803E-03   0.58687E+01   0.24225E+01
   0.65600E+03   0.40338E+01   0.18357E+01   0.71534E-03   0.58702E+01   0.24228E+01
   0.65700E+03   0.40362E+01   0.18342E+01   0.70202E-03   0.58711E+01   0.24230E+01
   0.65800E+03   0.40381E+01   0.18326E+01   0.68822E-03   0.58714E+01   0.24231E+01
   0.65900E+03   0.40396E+01   0.18308E+01   0.67412E-03   0.58711E+01   0.24230E+01
   0.66000E+03   0.40406E+01   0.18289E+01   0.65988E-03   0.58702E+01   0.24228E+01
   0.66100E+03   0.40411E+01   0.18269E+01   0.64561E-03   0.58686E+01   0.24225E+01
   0.66200E+03   0.40410E+01   0.18247E+01   0.63144E-03   0.58664E+01   0.24221E+01
   0.66300E+03   0.40405E+01   0.18223E+01   0.61754E-03   0.58634E+01   0.24215E+01
   0.66400E+03   0.40393E+01   0.18198E+01   0.60401E-03   0.58598E+01   0.24207E+01
   0.66500E+03   0.40376E+01   0.18172E+01   0.59098E-03   0.58554E+01   0.24198E+01
   0.66600E+03   0.40353E+01   0.18143E+01   0.57851E-03   0.58502E+01   0.24187E+01
   0.66700E+03   0.40325E+01   0.18113E+01   0.56668E-03   0.58444E+01   0.24175E+01
   0.66800E+03   0.40290E+01   0.18082E+01   0.55557E-03   0.58378E+01   0.24162E+01
   0.66900E+03   0.40250E+01   0.18049E+01   0.54524E-03   0.58305E+01   0.24146E+01
   0.67000E+03   0.40205E+01   0.18016E+01   0.53572E-03   0.58226E+01   0.24130E+01
   0.67100E+03   0.40153E+01   0.17981E+01   0.52704E-03   0.58139E+01   0.24112E+01
   0.67200E+03   0.40097E+01   0.17944E+01   0.51923E-03   0.58046E+01   0.24093E+01
   0.67300E+03   0.40034E+01   0.17907E+01   0.51228E-03   0.57947E+01   0.24072E+01
   0.67400E+03   0.39966E+01   0.17870E+01   0.50619E-03   0.57841E+01   0.24050E+01
   0.67500E+03   0.39892E+01   0.17831E+01   0.50094E-03   0.57728E+01   0.24027E+01
   0.67600E+03   0.39813E+01   0.17792E+01   0.49650E-03   0.57610E+01   0.24002E+01
   0.67700E+03   0.39729E+01   0.17752E+01   0.49284E-03   0.57486E+01   0.23976E+01
   0.67800E+03   0.39639E+01   0.17712E+01   0.48992E-03   0.57356E+01   0.23949E+01
   0.67900E+03   0.39543E+01   0.17672E+01   0.48770E-03   0.57220E+01   0.23921E+01
   0.68000E+03   0.39442E+01   0.17632E+01   0.48613E-03   0.57079E+01   0.23891E+01
   0.68100E+03   0.39335E+01   0.17592E+01   0.48518E-03   0.56932E+01   0.23860E+01
   0.68200E+03   0.39224E+01   0.17551E+01   0.48478E-03   0.56780E+01   0.23828E+01
   0.68300E+03   0.39106E+01   0.17511E+01   0.48488E-03   0.56622E+01   0.23795E+01
   0.68400E+03   0.38983E+01   0.17471E+01   0.48543E-03   0.56459E+01   0.23761E+01
   0.68500E+03   0.38855E+01   0.17431E+01   0.48636E-03   0.56291E+01   0.23726E+01
   0.68600E+03   0.38722E+01   0.17391E+01   0.48758E-03   0.56118E+01   0.23689E+01
   0.68700E+03   0.38583E+01   0.17352E+01   0.48902E-03   0.55940E+01   0.23652E+01
   0.68800E+03   0.38440E+01   0.17313E+01   0.49060E-03   0.55758E+01   0.23613E+01
   0.68900E+03   0.38291E+01   0.17275E+01   0.49224E-03   0.55571E+01   0.23574E+01
   0.69000E+03   0.38138E+01   0.17237E+01   0.49385E-03   0.55380E+01   0.23533E+01
   0.69100E+03   0.37980E+01   0.17199E+01   0.49533E-03   0.55185E+01   0.23491E+01
   0.69200E+03   0.37818E+01   0.17162E+01   0.49659E-03   0.54985E+01   0.23449E+01
   0.69300E+03   0.37652E+01   0.17125E+01   0.49753E-03   0.54783E+01   0.23406E+01
   0.69400E+03   0.37483E+01   0.17089E+01   0.49803E-03   0.54576E+01   0.23362E+01
   0.69500E+03   0.37309E+01   0.17052E+01   0.49799E-03   0.54367E+01   0.23317E+01
   0.69600E+03   0.37133E+01   0.17017E+01   0.49733E-03   0.54155E+01   0.23271E+01
   0.69700E+03   0.36954E+01   0.16981E+01   0.49595E-03   0.53940E+01   0.23225E+01
   0.69800E+03   0.36772E+01   0.16946E+01   0.49375E-03   0.53723E+01   0.23178E+01
   0.69900E+03   0.36588E+01   0.16911E+01   0.49063E-03   0.53504E+01   0.23131E+01
   0.70000E+03   0.36402E+01   0.16876E+01   0.48651E-03   0.53283E+01   0.23083E+01
   0.70100E+03   0.36215E+01   0.16841E+01   0.48130E-03   0.53061E+01   0.23035E+01
   0.70200E+03   0.36026E+01   0.16807E+01   0.47493E-03   0.52838E+01   0.22986E+01
   0.70300E+03   0.35837E+01   0.16772E+01   0.46736E-03   0.52614E+01   0.22938E+01
   0.70400E+03   0.35648E+01   0.16738E+01   0.45852E-03   0.52390E+01   0.22889E+01
   0.70500E+03   0.35458E+01   0.16703E+01   0.44838E-03   0.52166E+01   0.22840E+01
   0.70600E+03   0.35269E+01   0.16669E+01   0.43710E-03   0.51942E+01   0.22791E+01
   0.70700E+03   0.35079E+01   0.16635E+01   0.42470E-03   0.51718E+01   0.22742E+01
   0.70800E+03   0.34890E+01   0.16601E+01   0.41124E-03   0.51495E+01   0.22692E+01
   0.70900E+03   0.34702E+01   0.16567E+01   0.39679E-03   0.51272E+01   0.22643E+01
   0.71000E+03   0.34514E+01   0.16533E+01   0.38143E-03   0.51051E+01   0.22594E+01
   0.71100E+03   0.34327E+01   0.16499E+01   0.36526E-03   0.50830E+01   0.22545E+01
   0.71200E+03   0.34141E+01   0.16466E+01   0.34839E-03   0.50610E+01   0.22497E+01
   0.71300E+03   0.33956E+01   0.16433E+01   0.33097E-03   0.50392E+01   0.22448E+01
