    #Time(fs)    x-MSD(A^2)    y-MSD(A^2)    z-MSD(A^2)    tot-MSD(A^2)  sqrt(MSD)(A)
   0.00000E+00  -0.56745E-14  -0.74940E-14   0.12995E-14  -0.37830E-14           NaN
   0.10000E+01   0.24515E-04   0.23980E-04   0.62052E-05   0.54700E-04   0.73959E-02
   0.20000E+01   0.97999E-04   0.95850E-04   0.24787E-04   0.21864E-03   0.14786E-01
   0.30000E+01   0.22022E-03   0.21538E-03   0.55623E-04   0.49122E-03   0.22163E-01
   0.40000E+01   0.39074E-03   0.38216E-03   0.98496E-04   0.87140E-03   0.29519E-01
   0.50000E+01   0.60896E-03   0.59563E-03   0.15309E-03   0.13577E-02   0.36847E-01
   0.60000E+01   0.87409E-03   0.85507E-03   0.21902E-03   0.19482E-02   0.44138E-01
   0.70000E+01   0.11852E-02   0.11596E-02   0.29579E-03   0.26406E-02   0.51386E-01
   0.80000E+01   0.15411E-02   0.15082E-02   0.38284E-03   0.34321E-02   0.58584E-01
   0.90000E+01   0.19405E-02   0.18998E-02   0.47954E-03   0.43199E-02   0.65726E-01
   0.10000E+02   0.23822E-02   0.23331E-02   0.58518E-03   0.53004E-02   0.72804E-01
   0.11000E+02   0.28645E-02   0.28067E-02   0.69902E-03   0.63701E-02   0.79813E-01
   0.12000E+02   0.33858E-02   0.33191E-02   0.82023E-03   0.75252E-02   0.86748E-01
   0.13000E+02   0.39445E-02   0.38690E-02   0.94798E-03   0.87615E-02   0.93603E-01
   0.14000E+02   0.45389E-02   0.44546E-02   0.10814E-02   0.10075E-01   0.10037E+00
   0.15000E+02   0.51670E-02   0.50744E-02   0.12195E-02   0.11461E-01   0.10706E+00
   0.16000E+02   0.58271E-02   0.57267E-02   0.13615E-02   0.12915E-01   0.11365E+00
   0.17000E+02   0.65173E-02   0.64098E-02   0.15064E-02   0.14434E-01   0.12014E+00
   0.18000E+02   0.72358E-02   0.71221E-02   0.16533E-02   0.16011E-01   0.12654E+00
   0.19000E+02   0.79808E-02   0.78619E-02   0.18013E-02   0.17644E-01   0.13283E+00
   0.20000E+02   0.87505E-02   0.86276E-02   0.19496E-02   0.19328E-01   0.13902E+00
   0.21000E+02   0.95431E-02   0.94176E-02   0.20972E-02   0.21058E-01   0.14511E+00
   0.22000E+02   0.10357E-01   0.10230E-01   0.22434E-02   0.22831E-01   0.15110E+00
   0.23000E+02   0.11191E-01   0.11064E-01   0.23873E-02   0.24642E-01   0.15698E+00
   0.24000E+02   0.12042E-01   0.11918E-01   0.25284E-02   0.26489E-01   0.16275E+00
   0.25000E+02   0.12911E-01   0.12790E-01   0.26660E-02   0.28367E-01   0.16842E+00
   0.26000E+02   0.13795E-01   0.13679E-01   0.27993E-02   0.30273E-01   0.17399E+00
   0.27000E+02   0.14693E-01   0.14585E-01   0.29280E-02   0.32205E-01   0.17946E+00
   0.28000E+02   0.15604E-01   0.15505E-01   0.30516E-02   0.34160E-01   0.18483E+00
   0.29000E+02   0.16527E-01   0.16439E-01   0.31697E-02   0.36136E-01   0.19009E+00
   0.30000E+02   0.17462E-01   0.17386E-01   0.32820E-02   0.38130E-01   0.19527E+00
   0.31000E+02   0.18406E-01   0.18345E-01   0.33882E-02   0.40140E-01   0.20035E+00
   0.32000E+02   0.19361E-01   0.19316E-01   0.34882E-02   0.42165E-01   0.20534E+00
   0.33000E+02   0.20325E-01   0.20298E-01   0.35819E-02   0.44204E-01   0.21025E+00
   0.34000E+02   0.21297E-01   0.21289E-01   0.36692E-02   0.46256E-01   0.21507E+00
   0.35000E+02   0.22278E-01   0.22291E-01   0.37503E-02   0.48319E-01   0.21982E+00
   0.36000E+02   0.23266E-01   0.23302E-01   0.38253E-02   0.50394E-01   0.22449E+00
   0.37000E+02   0.24263E-01   0.24322E-01   0.38943E-02   0.52479E-01   0.22908E+00
   0.38000E+02   0.25267E-01   0.25351E-01   0.39575E-02   0.54576E-01   0.23361E+00
   0.39000E+02   0.26279E-01   0.26389E-01   0.40153E-02   0.56683E-01   0.23808E+00
   0.40000E+02   0.27298E-01   0.27435E-01   0.40680E-02   0.58801E-01   0.24249E+00
   0.41000E+02   0.28325E-01   0.28490E-01   0.41159E-02   0.60931E-01   0.24684E+00
   0.42000E+02   0.29360E-01   0.29553E-01   0.41595E-02   0.63072E-01   0.25114E+00
   0.43000E+02   0.30403E-01   0.30624E-01   0.41992E-02   0.65226E-01   0.25539E+00
   0.44000E+02   0.31454E-01   0.31704E-01   0.42355E-02   0.67393E-01   0.25960E+00
   0.45000E+02   0.32512E-01   0.32793E-01   0.42687E-02   0.69574E-01   0.26377E+00
   0.46000E+02   0.33579E-01   0.33890E-01   0.42995E-02   0.71769E-01   0.26790E+00
   0.47000E+02   0.34655E-01   0.34995E-01   0.43283E-02   0.73979E-01   0.27199E+00
   0.48000E+02   0.35739E-01   0.36110E-01   0.43556E-02   0.76204E-01   0.27605E+00
   0.49000E+02   0.36832E-01   0.37233E-01   0.43819E-02   0.78446E-01   0.28008E+00
   0.50000E+02   0.37933E-01   0.38365E-01   0.44076E-02   0.80706E-01   0.28409E+00
   0.51000E+02   0.39043E-01   0.39506E-01   0.44333E-02   0.82982E-01   0.28807E+00
   0.52000E+02   0.40162E-01   0.40656E-01   0.44593E-02   0.85277E-01   0.29202E+00
   0.53000E+02   0.41290E-01   0.41814E-01   0.44861E-02   0.87591E-01   0.29596E+00
   0.54000E+02   0.42427E-01   0.42982E-01   0.45141E-02   0.89923E-01   0.29987E+00
   0.55000E+02   0.43573E-01   0.44158E-01   0.45437E-02   0.92275E-01   0.30377E+00
   0.56000E+02   0.44727E-01   0.45343E-01   0.45752E-02   0.94646E-01   0.30765E+00
   0.57000E+02   0.45890E-01   0.46537E-01   0.46089E-02   0.97036E-01   0.31151E+00
   0.58000E+02   0.47062E-01   0.47739E-01   0.46450E-02   0.99446E-01   0.31535E+00
   0.59000E+02   0.48241E-01   0.48950E-01   0.46839E-02   0.10188E+00   0.31918E+00
   0.60000E+02   0.49429E-01   0.50169E-01   0.47257E-02   0.10432E+00   0.32299E+00
   0.61000E+02   0.50624E-01   0.51396E-01   0.47705E-02   0.10679E+00   0.32679E+00
   0.62000E+02   0.51827E-01   0.52630E-01   0.48186E-02   0.10928E+00   0.33057E+00
   0.63000E+02   0.53036E-01   0.53872E-01   0.48700E-02   0.11178E+00   0.33433E+00
   0.64000E+02   0.54253E-01   0.55121E-01   0.49247E-02   0.11430E+00   0.33808E+00
   0.65000E+02   0.55475E-01   0.56377E-01   0.49827E-02   0.11683E+00   0.34181E+00
   0.66000E+02   0.56704E-01   0.57639E-01   0.50442E-02   0.11939E+00   0.34552E+00
   0.67000E+02   0.57938E-01   0.58907E-01   0.51089E-02   0.12195E+00   0.34922E+00
   0.68000E+02   0.59177E-01   0.60181E-01   0.51768E-02   0.12453E+00   0.35289E+00
   0.69000E+02   0.60421E-01   0.61461E-01   0.52478E-02   0.12713E+00   0.35655E+00
   0.70000E+02   0.61669E-01   0.62745E-01   0.53218E-02   0.12974E+00   0.36019E+00
   0.71000E+02   0.62921E-01   0.64034E-01   0.53987E-02   0.13235E+00   0.36380E+00
   0.72000E+02   0.64176E-01   0.65328E-01   0.54781E-02   0.13498E+00   0.36740E+00
   0.73000E+02   0.65435E-01   0.66625E-01   0.55600E-02   0.13762E+00   0.37097E+00
   0.74000E+02   0.66696E-01   0.67926E-01   0.56442E-02   0.14027E+00   0.37452E+00
   0.75000E+02   0.67960E-01   0.69230E-01   0.57303E-02   0.14292E+00   0.37805E+00
   0.76000E+02   0.69226E-01   0.70537E-01   0.58182E-02   0.14558E+00   0.38155E+00
   0.77000E+02   0.70493E-01   0.71847E-01   0.59076E-02   0.14825E+00   0.38503E+00
   0.78000E+02   0.71762E-01   0.73159E-01   0.59983E-02   0.15092E+00   0.38848E+00
   0.79000E+02   0.73033E-01   0.74474E-01   0.60899E-02   0.15360E+00   0.39191E+00
   0.80000E+02   0.74304E-01   0.75791E-01   0.61824E-02   0.15628E+00   0.39532E+00
   0.81000E+02   0.75577E-01   0.77109E-01   0.62754E-02   0.15896E+00   0.39870E+00
   0.82000E+02   0.76850E-01   0.78430E-01   0.63687E-02   0.16165E+00   0.40206E+00
   0.83000E+02   0.78124E-01   0.79752E-01   0.64620E-02   0.16434E+00   0.40539E+00
   0.84000E+02   0.79399E-01   0.81075E-01   0.65551E-02   0.16703E+00   0.40869E+00
   0.85000E+02   0.80674E-01   0.82401E-01   0.66479E-02   0.16972E+00   0.41197E+00
   0.86000E+02   0.81950E-01   0.83727E-01   0.67401E-02   0.17242E+00   0.41523E+00
   0.87000E+02   0.83226E-01   0.85056E-01   0.68315E-02   0.17511E+00   0.41846E+00
   0.88000E+02   0.84502E-01   0.86386E-01   0.69219E-02   0.17781E+00   0.42167E+00
   0.89000E+02   0.85779E-01   0.87718E-01   0.70113E-02   0.18051E+00   0.42486E+00
   0.90000E+02   0.87056E-01   0.89051E-01   0.70995E-02   0.18321E+00   0.42803E+00
   0.91000E+02   0.88334E-01   0.90387E-01   0.71863E-02   0.18591E+00   0.43117E+00
   0.92000E+02   0.89613E-01   0.91724E-01   0.72716E-02   0.18861E+00   0.43429E+00
   0.93000E+02   0.90892E-01   0.93064E-01   0.73554E-02   0.19131E+00   0.43739E+00
   0.94000E+02   0.92172E-01   0.94405E-01   0.74376E-02   0.19402E+00   0.44047E+00
   0.95000E+02   0.93453E-01   0.95750E-01   0.75182E-02   0.19672E+00   0.44353E+00
   0.96000E+02   0.94735E-01   0.97097E-01   0.75971E-02   0.19943E+00   0.44657E+00
   0.97000E+02   0.96017E-01   0.98446E-01   0.76742E-02   0.20214E+00   0.44960E+00
   0.98000E+02   0.97301E-01   0.99798E-01   0.77497E-02   0.20485E+00   0.45260E+00
   0.99000E+02   0.98586E-01   0.10115E+00   0.78234E-02   0.20756E+00   0.45559E+00
   0.10000E+03   0.99872E-01   0.10251E+00   0.78954E-02   0.21028E+00   0.45856E+00
   0.10100E+03   0.10116E+00   0.10387E+00   0.79658E-02   0.21300E+00   0.46152E+00
   0.10200E+03   0.10245E+00   0.10524E+00   0.80346E-02   0.21572E+00   0.46446E+00
   0.10300E+03   0.10374E+00   0.10661E+00   0.81019E-02   0.21845E+00   0.46738E+00
   0.10400E+03   0.10503E+00   0.10798E+00   0.81676E-02   0.22117E+00   0.47029E+00
   0.10500E+03   0.10632E+00   0.10935E+00   0.82320E-02   0.22391E+00   0.47319E+00
   0.10600E+03   0.10761E+00   0.11073E+00   0.82950E-02   0.22664E+00   0.47607E+00
   0.10700E+03   0.10891E+00   0.11212E+00   0.83567E-02   0.22938E+00   0.47894E+00
   0.10800E+03   0.11021E+00   0.11350E+00   0.84173E-02   0.23213E+00   0.48180E+00
   0.10900E+03   0.11151E+00   0.11489E+00   0.84768E-02   0.23488E+00   0.48464E+00
   0.11000E+03   0.11281E+00   0.11629E+00   0.85353E-02   0.23763E+00   0.48747E+00
   0.11100E+03   0.11411E+00   0.11769E+00   0.85929E-02   0.24039E+00   0.49029E+00
   0.11200E+03   0.11541E+00   0.11909E+00   0.86496E-02   0.24315E+00   0.49310E+00
   0.11300E+03   0.11672E+00   0.12050E+00   0.87057E-02   0.24592E+00   0.49590E+00
   0.11400E+03   0.11802E+00   0.12191E+00   0.87610E-02   0.24869E+00   0.49869E+00
   0.11500E+03   0.11933E+00   0.12332E+00   0.88159E-02   0.25147E+00   0.50146E+00
   0.11600E+03   0.12064E+00   0.12474E+00   0.88702E-02   0.25425E+00   0.50423E+00
   0.11700E+03   0.12195E+00   0.12616E+00   0.89241E-02   0.25703E+00   0.50698E+00
   0.11800E+03   0.12326E+00   0.12759E+00   0.89776E-02   0.25982E+00   0.50973E+00
   0.11900E+03   0.12457E+00   0.12902E+00   0.90309E-02   0.26262E+00   0.51246E+00
   0.12000E+03   0.12588E+00   0.13045E+00   0.90839E-02   0.26542E+00   0.51519E+00
   0.12100E+03   0.12720E+00   0.13189E+00   0.91368E-02   0.26822E+00   0.51790E+00
   0.12200E+03   0.12851E+00   0.13333E+00   0.91895E-02   0.27103E+00   0.52061E+00
   0.12300E+03   0.12983E+00   0.13477E+00   0.92420E-02   0.27385E+00   0.52330E+00
   0.12400E+03   0.13114E+00   0.13622E+00   0.92945E-02   0.27666E+00   0.52599E+00
   0.12500E+03   0.13246E+00   0.13767E+00   0.93470E-02   0.27948E+00   0.52866E+00
   0.12600E+03   0.13378E+00   0.13913E+00   0.93994E-02   0.28231E+00   0.53133E+00
   0.12700E+03   0.13510E+00   0.14058E+00   0.94518E-02   0.28513E+00   0.53398E+00
   0.12800E+03   0.13642E+00   0.14205E+00   0.95043E-02   0.28797E+00   0.53662E+00
   0.12900E+03   0.13773E+00   0.14351E+00   0.95567E-02   0.29080E+00   0.53926E+00
   0.13000E+03   0.13905E+00   0.14497E+00   0.96091E-02   0.29364E+00   0.54188E+00
   0.13100E+03   0.14037E+00   0.14644E+00   0.96616E-02   0.29648E+00   0.54450E+00
   0.13200E+03   0.14169E+00   0.14791E+00   0.97141E-02   0.29932E+00   0.54710E+00
   0.13300E+03   0.14301E+00   0.14939E+00   0.97666E-02   0.30216E+00   0.54969E+00
   0.13400E+03   0.14433E+00   0.15086E+00   0.98191E-02   0.30501E+00   0.55228E+00
   0.13500E+03   0.14565E+00   0.15234E+00   0.98716E-02   0.30786E+00   0.55485E+00
   0.13600E+03   0.14696E+00   0.15382E+00   0.99241E-02   0.31071E+00   0.55741E+00
   0.13700E+03   0.14828E+00   0.15530E+00   0.99765E-02   0.31356E+00   0.55996E+00
   0.13800E+03   0.14960E+00   0.15679E+00   0.10029E-01   0.31641E+00   0.56251E+00
   0.13900E+03   0.15091E+00   0.15827E+00   0.10081E-01   0.31927E+00   0.56504E+00
   0.14000E+03   0.15223E+00   0.15976E+00   0.10134E-01   0.32212E+00   0.56756E+00
   0.14100E+03   0.15355E+00   0.16125E+00   0.10186E-01   0.32498E+00   0.57007E+00
   0.14200E+03   0.15486E+00   0.16274E+00   0.10238E-01   0.32784E+00   0.57257E+00
   0.14300E+03   0.15618E+00   0.16423E+00   0.10290E-01   0.33070E+00   0.57506E+00
   0.14400E+03   0.15749E+00   0.16572E+00   0.10342E-01   0.33355E+00   0.57754E+00
   0.14500E+03   0.15881E+00   0.16721E+00   0.10394E-01   0.33641E+00   0.58001E+00
   0.14600E+03   0.16012E+00   0.16871E+00   0.10446E-01   0.33928E+00   0.58247E+00
   0.14700E+03   0.16143E+00   0.17021E+00   0.10498E-01   0.34214E+00   0.58492E+00
   0.14800E+03   0.16275E+00   0.17170E+00   0.10549E-01   0.34500E+00   0.58736E+00
   0.14900E+03   0.16406E+00   0.17320E+00   0.10601E-01   0.34786E+00   0.58980E+00
   0.15000E+03   0.16537E+00   0.17470E+00   0.10652E-01   0.35072E+00   0.59222E+00
   0.15100E+03   0.16668E+00   0.17620E+00   0.10704E-01   0.35358E+00   0.59463E+00
   0.15200E+03   0.16799E+00   0.17770E+00   0.10755E-01   0.35645E+00   0.59703E+00
   0.15300E+03   0.16931E+00   0.17920E+00   0.10806E-01   0.35931E+00   0.59942E+00
   0.15400E+03   0.17062E+00   0.18070E+00   0.10857E-01   0.36217E+00   0.60181E+00
   0.15500E+03   0.17193E+00   0.18220E+00   0.10908E-01   0.36503E+00   0.60418E+00
   0.15600E+03   0.17324E+00   0.18370E+00   0.10959E-01   0.36790E+00   0.60654E+00
   0.15700E+03   0.17455E+00   0.18520E+00   0.11010E-01   0.37076E+00   0.60890E+00
   0.15800E+03   0.17586E+00   0.18670E+00   0.11061E-01   0.37362E+00   0.61125E+00
   0.15900E+03   0.17717E+00   0.18820E+00   0.11113E-01   0.37648E+00   0.61358E+00
   0.16000E+03   0.17848E+00   0.18970E+00   0.11164E-01   0.37935E+00   0.61591E+00
   0.16100E+03   0.17979E+00   0.19120E+00   0.11215E-01   0.38221E+00   0.61823E+00
   0.16200E+03   0.18110E+00   0.19270E+00   0.11267E-01   0.38507E+00   0.62054E+00
   0.16300E+03   0.18241E+00   0.19420E+00   0.11319E-01   0.38793E+00   0.62284E+00
   0.16400E+03   0.18372E+00   0.19570E+00   0.11371E-01   0.39079E+00   0.62513E+00
   0.16500E+03   0.18503E+00   0.19719E+00   0.11424E-01   0.39364E+00   0.62741E+00
   0.16600E+03   0.18634E+00   0.19869E+00   0.11477E-01   0.39650E+00   0.62968E+00
   0.16700E+03   0.18764E+00   0.20018E+00   0.11530E-01   0.39935E+00   0.63194E+00
   0.16800E+03   0.18895E+00   0.20167E+00   0.11583E-01   0.40221E+00   0.63420E+00
   0.16900E+03   0.19026E+00   0.20316E+00   0.11637E-01   0.40506E+00   0.63644E+00
   0.17000E+03   0.19156E+00   0.20465E+00   0.11690E-01   0.40790E+00   0.63867E+00
   0.17100E+03   0.19287E+00   0.20613E+00   0.11744E-01   0.41075E+00   0.64090E+00
   0.17200E+03   0.19417E+00   0.20762E+00   0.11799E-01   0.41359E+00   0.64311E+00
   0.17300E+03   0.19548E+00   0.20910E+00   0.11853E-01   0.41643E+00   0.64531E+00
   0.17400E+03   0.19678E+00   0.21058E+00   0.11907E-01   0.41926E+00   0.64750E+00
   0.17500E+03   0.19808E+00   0.21205E+00   0.11962E-01   0.42209E+00   0.64968E+00
   0.17600E+03   0.19938E+00   0.21352E+00   0.12016E-01   0.42491E+00   0.65185E+00
   0.17700E+03   0.20067E+00   0.21499E+00   0.12070E-01   0.42773E+00   0.65401E+00
   0.17800E+03   0.20197E+00   0.21645E+00   0.12124E-01   0.43054E+00   0.65616E+00
   0.17900E+03   0.20326E+00   0.21791E+00   0.12178E-01   0.43335E+00   0.65829E+00
   0.18000E+03   0.20455E+00   0.21937E+00   0.12231E-01   0.43615E+00   0.66042E+00
   0.18100E+03   0.20583E+00   0.22082E+00   0.12284E-01   0.43894E+00   0.66253E+00
   0.18200E+03   0.20711E+00   0.22227E+00   0.12336E-01   0.44172E+00   0.66462E+00
   0.18300E+03   0.20839E+00   0.22372E+00   0.12388E-01   0.44450E+00   0.66670E+00
   0.18400E+03   0.20967E+00   0.22515E+00   0.12438E-01   0.44726E+00   0.66877E+00
   0.18500E+03   0.21094E+00   0.22659E+00   0.12488E-01   0.45001E+00   0.67083E+00
   0.18600E+03   0.21220E+00   0.22802E+00   0.12537E-01   0.45276E+00   0.67287E+00
   0.18700E+03   0.21346E+00   0.22944E+00   0.12585E-01   0.45549E+00   0.67490E+00
   0.18800E+03   0.21472E+00   0.23085E+00   0.12633E-01   0.45821E+00   0.67691E+00
   0.18900E+03   0.21597E+00   0.23227E+00   0.12679E-01   0.46092E+00   0.67891E+00
   0.19000E+03   0.21722E+00   0.23367E+00   0.12724E-01   0.46361E+00   0.68089E+00
   0.19100E+03   0.21846E+00   0.23507E+00   0.12768E-01   0.46629E+00   0.68286E+00
   0.19200E+03   0.21969E+00   0.23646E+00   0.12812E-01   0.46896E+00   0.68481E+00
   0.19300E+03   0.22091E+00   0.23784E+00   0.12855E-01   0.47161E+00   0.68674E+00
   0.19400E+03   0.22213E+00   0.23922E+00   0.12896E-01   0.47425E+00   0.68866E+00
   0.19500E+03   0.22334E+00   0.24059E+00   0.12938E-01   0.47687E+00   0.69056E+00
   0.19600E+03   0.22454E+00   0.24195E+00   0.12978E-01   0.47947E+00   0.69244E+00
   0.19700E+03   0.22574E+00   0.24330E+00   0.13018E-01   0.48206E+00   0.69431E+00
   0.19800E+03   0.22692E+00   0.24465E+00   0.13058E-01   0.48463E+00   0.69615E+00
   0.19900E+03   0.22810E+00   0.24598E+00   0.13097E-01   0.48718E+00   0.69798E+00
   0.20000E+03   0.22926E+00   0.24731E+00   0.13135E-01   0.48971E+00   0.69979E+00
   0.20100E+03   0.23042E+00   0.24862E+00   0.13174E-01   0.49222E+00   0.70158E+00
   0.20200E+03   0.23156E+00   0.24993E+00   0.13211E-01   0.49470E+00   0.70335E+00
   0.20300E+03   0.23269E+00   0.25122E+00   0.13249E-01   0.49716E+00   0.70510E+00
   0.20400E+03   0.23381E+00   0.25250E+00   0.13286E-01   0.49960E+00   0.70682E+00
   0.20500E+03   0.23492E+00   0.25377E+00   0.13322E-01   0.50201E+00   0.70853E+00
   0.20600E+03   0.23601E+00   0.25503E+00   0.13357E-01   0.50440E+00   0.71021E+00
   0.20700E+03   0.23709E+00   0.25627E+00   0.13392E-01   0.50675E+00   0.71186E+00
   0.20800E+03   0.23815E+00   0.25750E+00   0.13426E-01   0.50907E+00   0.71349E+00
   0.20900E+03   0.23920E+00   0.25871E+00   0.13459E-01   0.51137E+00   0.71510E+00
   0.21000E+03   0.24022E+00   0.25991E+00   0.13490E-01   0.51363E+00   0.71668E+00
   0.21100E+03   0.24123E+00   0.26110E+00   0.13520E-01   0.51585E+00   0.71823E+00
   0.21200E+03   0.24223E+00   0.26227E+00   0.13549E-01   0.51804E+00   0.71975E+00
   0.21300E+03   0.24320E+00   0.26342E+00   0.13576E-01   0.52020E+00   0.72125E+00
   0.21400E+03   0.24415E+00   0.26456E+00   0.13602E-01   0.52231E+00   0.72271E+00
   0.21500E+03   0.24509E+00   0.26567E+00   0.13626E-01   0.52439E+00   0.72415E+00
   0.21600E+03   0.24600E+00   0.26678E+00   0.13648E-01   0.52643E+00   0.72555E+00
   0.21700E+03   0.24690E+00   0.26786E+00   0.13670E-01   0.52842E+00   0.72693E+00
   0.21800E+03   0.24777E+00   0.26892E+00   0.13689E-01   0.53038E+00   0.72827E+00
   0.21900E+03   0.24862E+00   0.26997E+00   0.13708E-01   0.53229E+00   0.72958E+00
   0.22000E+03   0.24945E+00   0.27099E+00   0.13726E-01   0.53417E+00   0.73087E+00
   0.22100E+03   0.25025E+00   0.27200E+00   0.13742E-01   0.53599E+00   0.73212E+00
   0.22200E+03   0.25104E+00   0.27298E+00   0.13758E-01   0.53778E+00   0.73334E+00
   0.22300E+03   0.25180E+00   0.27395E+00   0.13773E-01   0.53953E+00   0.73452E+00
   0.22400E+03   0.25254E+00   0.27490E+00   0.13788E-01   0.54123E+00   0.73568E+00
   0.22500E+03   0.25326E+00   0.27582E+00   0.13802E-01   0.54288E+00   0.73681E+00
   0.22600E+03   0.25396E+00   0.27673E+00   0.13816E-01   0.54450E+00   0.73790E+00
   0.22700E+03   0.25464E+00   0.27761E+00   0.13830E-01   0.54608E+00   0.73897E+00
   0.22800E+03   0.25529E+00   0.27847E+00   0.13844E-01   0.54761E+00   0.74001E+00
   0.22900E+03   0.25593E+00   0.27932E+00   0.13857E-01   0.54910E+00   0.74101E+00
   0.23000E+03   0.25654E+00   0.28014E+00   0.13871E-01   0.55055E+00   0.74199E+00
   0.23100E+03   0.25714E+00   0.28095E+00   0.13885E-01   0.55197E+00   0.74295E+00
   0.23200E+03   0.25772E+00   0.28173E+00   0.13898E-01   0.55335E+00   0.74387E+00
   0.23300E+03   0.25828E+00   0.28250E+00   0.13912E-01   0.55469E+00   0.74477E+00
   0.23400E+03   0.25882E+00   0.28324E+00   0.13925E-01   0.55599E+00   0.74565E+00
   0.23500E+03   0.25935E+00   0.28397E+00   0.13938E-01   0.55726E+00   0.74650E+00
   0.23600E+03   0.25986E+00   0.28468E+00   0.13951E-01   0.55850E+00   0.74733E+00
   0.23700E+03   0.26036E+00   0.28538E+00   0.13963E-01   0.55970E+00   0.74813E+00
   0.23800E+03   0.26085E+00   0.28605E+00   0.13974E-01   0.56088E+00   0.74892E+00
   0.23900E+03   0.26132E+00   0.28671E+00   0.13985E-01   0.56202E+00   0.74968E+00
   0.24000E+03   0.26178E+00   0.28736E+00   0.13995E-01   0.56313E+00   0.75042E+00
   0.24100E+03   0.26223E+00   0.28799E+00   0.14003E-01   0.56422E+00   0.75115E+00
   0.24200E+03   0.26267E+00   0.28860E+00   0.14011E-01   0.56528E+00   0.75185E+00
   0.24300E+03   0.26310E+00   0.28919E+00   0.14017E-01   0.56631E+00   0.75254E+00
   0.24400E+03   0.26352E+00   0.28978E+00   0.14022E-01   0.56732E+00   0.75321E+00
   0.24500E+03   0.26394E+00   0.29034E+00   0.14026E-01   0.56831E+00   0.75386E+00
   0.24600E+03   0.26434E+00   0.29090E+00   0.14028E-01   0.56927E+00   0.75450E+00
   0.24700E+03   0.26474E+00   0.29143E+00   0.14029E-01   0.57020E+00   0.75512E+00
   0.24800E+03   0.26513E+00   0.29196E+00   0.14028E-01   0.57112E+00   0.75572E+00
   0.24900E+03   0.26552E+00   0.29247E+00   0.14027E-01   0.57201E+00   0.75632E+00
   0.25000E+03   0.26590E+00   0.29297E+00   0.14023E-01   0.57289E+00   0.75689E+00
   0.25100E+03   0.26627E+00   0.29345E+00   0.14019E-01   0.57374E+00   0.75746E+00
   0.25200E+03   0.26664E+00   0.29392E+00   0.14013E-01   0.57457E+00   0.75801E+00
   0.25300E+03   0.26701E+00   0.29438E+00   0.14005E-01   0.57539E+00   0.75854E+00
   0.25400E+03   0.26737E+00   0.29482E+00   0.13997E-01   0.57618E+00   0.75907E+00
   0.25500E+03   0.26772E+00   0.29525E+00   0.13988E-01   0.57696E+00   0.75958E+00
   0.25600E+03   0.26808E+00   0.29567E+00   0.13977E-01   0.57772E+00   0.76008E+00
   0.25700E+03   0.26843E+00   0.29607E+00   0.13965E-01   0.57846E+00   0.76057E+00
   0.25800E+03   0.26877E+00   0.29646E+00   0.13953E-01   0.57918E+00   0.76104E+00
   0.25900E+03   0.26911E+00   0.29684E+00   0.13939E-01   0.57989E+00   0.76151E+00
   0.26000E+03   0.26945E+00   0.29721E+00   0.13925E-01   0.58058E+00   0.76196E+00
   0.26100E+03   0.26978E+00   0.29756E+00   0.13910E-01   0.58125E+00   0.76240E+00
   0.26200E+03   0.27011E+00   0.29790E+00   0.13895E-01   0.58190E+00   0.76282E+00
   0.26300E+03   0.27043E+00   0.29823E+00   0.13879E-01   0.58253E+00   0.76324E+00
   0.26400E+03   0.27075E+00   0.29854E+00   0.13863E-01   0.58315E+00   0.76364E+00
   0.26500E+03   0.27106E+00   0.29885E+00   0.13846E-01   0.58375E+00   0.76404E+00
   0.26600E+03   0.27137E+00   0.29914E+00   0.13829E-01   0.58434E+00   0.76442E+00
   0.26700E+03   0.27167E+00   0.29941E+00   0.13811E-01   0.58490E+00   0.76479E+00
   0.26800E+03   0.27197E+00   0.29968E+00   0.13794E-01   0.58545E+00   0.76515E+00
   0.26900E+03   0.27227E+00   0.29994E+00   0.13776E-01   0.58598E+00   0.76549E+00
   0.27000E+03   0.27255E+00   0.30018E+00   0.13759E-01   0.58649E+00   0.76583E+00
   0.27100E+03   0.27284E+00   0.30041E+00   0.13741E-01   0.58699E+00   0.76615E+00
   0.27200E+03   0.27311E+00   0.30063E+00   0.13724E-01   0.58747E+00   0.76646E+00
   0.27300E+03   0.27338E+00   0.30084E+00   0.13707E-01   0.58793E+00   0.76676E+00
   0.27400E+03   0.27365E+00   0.30103E+00   0.13691E-01   0.58837E+00   0.76705E+00
   0.27500E+03   0.27390E+00   0.30122E+00   0.13675E-01   0.58880E+00   0.76733E+00
   0.27600E+03   0.27416E+00   0.30139E+00   0.13659E-01   0.58921E+00   0.76760E+00
   0.27700E+03   0.27440E+00   0.30155E+00   0.13644E-01   0.58960E+00   0.76785E+00
   0.27800E+03   0.27464E+00   0.30170E+00   0.13629E-01   0.58997E+00   0.76810E+00
   0.27900E+03   0.27487E+00   0.30184E+00   0.13615E-01   0.59033E+00   0.76833E+00
   0.28000E+03   0.27509E+00   0.30197E+00   0.13601E-01   0.59067E+00   0.76855E+00
   0.28100E+03   0.27531E+00   0.30209E+00   0.13588E-01   0.59099E+00   0.76876E+00
   0.28200E+03   0.27553E+00   0.30220E+00   0.13576E-01   0.59130E+00   0.76896E+00
   0.28300E+03   0.27573E+00   0.30229E+00   0.13565E-01   0.59159E+00   0.76915E+00
   0.28400E+03   0.27593E+00   0.30238E+00   0.13554E-01   0.59186E+00   0.76932E+00
   0.28500E+03   0.27612E+00   0.30245E+00   0.13544E-01   0.59211E+00   0.76949E+00
   0.28600E+03   0.27631E+00   0.30251E+00   0.13534E-01   0.59235E+00   0.76965E+00
   0.28700E+03   0.27649E+00   0.30256E+00   0.13525E-01   0.59258E+00   0.76979E+00
   0.28800E+03   0.27666E+00   0.30260E+00   0.13517E-01   0.59278E+00   0.76992E+00
   0.28900E+03   0.27683E+00   0.30264E+00   0.13509E-01   0.59297E+00   0.77005E+00
   0.29000E+03   0.27699E+00   0.30266E+00   0.13502E-01   0.59315E+00   0.77016E+00
   0.29100E+03   0.27715E+00   0.30267E+00   0.13495E-01   0.59331E+00   0.77027E+00
   0.29200E+03   0.27730E+00   0.30267E+00   0.13489E-01   0.59345E+00   0.77036E+00
   0.29300E+03   0.27744E+00   0.30266E+00   0.13483E-01   0.59358E+00   0.77044E+00
   0.29400E+03   0.27758E+00   0.30264E+00   0.13478E-01   0.59369E+00   0.77051E+00
   0.29500E+03   0.27771E+00   0.30261E+00   0.13472E-01   0.59379E+00   0.77058E+00
   0.29600E+03   0.27784E+00   0.30257E+00   0.13467E-01   0.59387E+00   0.77063E+00
   0.29700E+03   0.27796E+00   0.30252E+00   0.13462E-01   0.59394E+00   0.77068E+00
   0.29800E+03   0.27808E+00   0.30246E+00   0.13456E-01   0.59399E+00   0.77071E+00
   0.29900E+03   0.27819E+00   0.30239E+00   0.13451E-01   0.59403E+00   0.77073E+00
   0.30000E+03   0.27829E+00   0.30231E+00   0.13445E-01   0.59405E+00   0.77075E+00
   0.30100E+03   0.27839E+00   0.30223E+00   0.13438E-01   0.59406E+00   0.77075E+00
   0.30200E+03   0.27848E+00   0.30213E+00   0.13432E-01   0.59405E+00   0.77074E+00
   0.30300E+03   0.27857E+00   0.30203E+00   0.13424E-01   0.59402E+00   0.77073E+00
   0.30400E+03   0.27865E+00   0.30192E+00   0.13416E-01   0.59398E+00   0.77070E+00
   0.30500E+03   0.27873E+00   0.30179E+00   0.13407E-01   0.59393E+00   0.77067E+00
   0.30600E+03   0.27879E+00   0.30166E+00   0.13398E-01   0.59386E+00   0.77062E+00
   0.30700E+03   0.27886E+00   0.30152E+00   0.13387E-01   0.59377E+00   0.77056E+00
   0.30800E+03   0.27891E+00   0.30138E+00   0.13375E-01   0.59366E+00   0.77050E+00
   0.30900E+03   0.27896E+00   0.30122E+00   0.13362E-01   0.59355E+00   0.77042E+00
   0.31000E+03   0.27901E+00   0.30105E+00   0.13348E-01   0.59341E+00   0.77033E+00
   0.31100E+03   0.27904E+00   0.30088E+00   0.13332E-01   0.59326E+00   0.77023E+00
   0.31200E+03   0.27907E+00   0.30070E+00   0.13315E-01   0.59309E+00   0.77012E+00
   0.31300E+03   0.27909E+00   0.30051E+00   0.13297E-01   0.59290E+00   0.77000E+00
   0.31400E+03   0.27910E+00   0.30031E+00   0.13277E-01   0.59269E+00   0.76987E+00
   0.31500E+03   0.27911E+00   0.30010E+00   0.13256E-01   0.59247E+00   0.76972E+00
   0.31600E+03   0.27911E+00   0.29989E+00   0.13233E-01   0.59223E+00   0.76956E+00
   0.31700E+03   0.27910E+00   0.29966E+00   0.13208E-01   0.59197E+00   0.76940E+00
   0.31800E+03   0.27908E+00   0.29943E+00   0.13182E-01   0.59169E+00   0.76921E+00
   0.31900E+03   0.27905E+00   0.29919E+00   0.13155E-01   0.59139E+00   0.76902E+00
   0.32000E+03   0.27901E+00   0.29894E+00   0.13126E-01   0.59108E+00   0.76881E+00
   0.32100E+03   0.27897E+00   0.29868E+00   0.13095E-01   0.59074E+00   0.76860E+00
   0.32200E+03   0.27891E+00   0.29841E+00   0.13063E-01   0.59038E+00   0.76836E+00
   0.32300E+03   0.27885E+00   0.29813E+00   0.13030E-01   0.59000E+00   0.76812E+00
   0.32400E+03   0.27877E+00   0.29784E+00   0.12995E-01   0.58961E+00   0.76786E+00
   0.32500E+03   0.27869E+00   0.29754E+00   0.12958E-01   0.58919E+00   0.76758E+00
   0.32600E+03   0.27859E+00   0.29723E+00   0.12921E-01   0.58874E+00   0.76730E+00
   0.32700E+03   0.27849E+00   0.29691E+00   0.12882E-01   0.58828E+00   0.76700E+00
   0.32800E+03   0.27837E+00   0.29658E+00   0.12842E-01   0.58780E+00   0.76668E+00
   0.32900E+03   0.27825E+00   0.29624E+00   0.12800E-01   0.58729E+00   0.76635E+00
   0.33000E+03   0.27811E+00   0.29589E+00   0.12758E-01   0.58676E+00   0.76600E+00
   0.33100E+03   0.27797E+00   0.29553E+00   0.12715E-01   0.58621E+00   0.76564E+00
   0.33200E+03   0.27781E+00   0.29515E+00   0.12670E-01   0.58563E+00   0.76527E+00
   0.33300E+03   0.27764E+00   0.29477E+00   0.12625E-01   0.58503E+00   0.76487E+00
   0.33400E+03   0.27746E+00   0.29437E+00   0.12580E-01   0.58441E+00   0.76447E+00
   0.33500E+03   0.27728E+00   0.29396E+00   0.12533E-01   0.58377E+00   0.76405E+00
   0.33600E+03   0.27708E+00   0.29353E+00   0.12486E-01   0.58310E+00   0.76361E+00
   0.33700E+03   0.27687E+00   0.29310E+00   0.12439E-01   0.58240E+00   0.76315E+00
   0.33800E+03   0.27664E+00   0.29265E+00   0.12391E-01   0.58168E+00   0.76268E+00
   0.33900E+03   0.27641E+00   0.29219E+00   0.12342E-01   0.58094E+00   0.76220E+00
   0.34000E+03   0.27617E+00   0.29171E+00   0.12293E-01   0.58017E+00   0.76169E+00
   0.34100E+03   0.27591E+00   0.29123E+00   0.12244E-01   0.57938E+00   0.76117E+00
   0.34200E+03   0.27565E+00   0.29073E+00   0.12195E-01   0.57857E+00   0.76064E+00
   0.34300E+03   0.27537E+00   0.29021E+00   0.12146E-01   0.57773E+00   0.76008E+00
   0.34400E+03   0.27508E+00   0.28969E+00   0.12097E-01   0.57686E+00   0.75952E+00
   0.34500E+03   0.27478E+00   0.28915E+00   0.12048E-01   0.57597E+00   0.75893E+00
   0.34600E+03   0.27447E+00   0.28859E+00   0.11999E-01   0.57506E+00   0.75833E+00
   0.34700E+03   0.27414E+00   0.28803E+00   0.11950E-01   0.57412E+00   0.75771E+00
   0.34800E+03   0.27381E+00   0.28744E+00   0.11901E-01   0.57315E+00   0.75707E+00
   0.34900E+03   0.27346E+00   0.28685E+00   0.11852E-01   0.57216E+00   0.75642E+00
   0.35000E+03   0.27310E+00   0.28624E+00   0.11804E-01   0.57115E+00   0.75574E+00
   0.35100E+03   0.27273E+00   0.28562E+00   0.11756E-01   0.57011E+00   0.75506E+00
   0.35200E+03   0.27234E+00   0.28499E+00   0.11709E-01   0.56904E+00   0.75435E+00
   0.35300E+03   0.27195E+00   0.28435E+00   0.11662E-01   0.56795E+00   0.75363E+00
   0.35400E+03   0.27154E+00   0.28369E+00   0.11615E-01   0.56684E+00   0.75289E+00
   0.35500E+03   0.27111E+00   0.28302E+00   0.11569E-01   0.56570E+00   0.75213E+00
   0.35600E+03   0.27068E+00   0.28233E+00   0.11523E-01   0.56453E+00   0.75135E+00
   0.35700E+03   0.27023E+00   0.28164E+00   0.11478E-01   0.56334E+00   0.75056E+00
   0.35800E+03   0.26976E+00   0.28093E+00   0.11433E-01   0.56213E+00   0.74975E+00
   0.35900E+03   0.26929E+00   0.28021E+00   0.11389E-01   0.56089E+00   0.74892E+00
   0.36000E+03   0.26880E+00   0.27948E+00   0.11345E-01   0.55962E+00   0.74808E+00
   0.36100E+03   0.26829E+00   0.27873E+00   0.11302E-01   0.55833E+00   0.74721E+00
   0.36200E+03   0.26778E+00   0.27798E+00   0.11259E-01   0.55701E+00   0.74633E+00
   0.36300E+03   0.26724E+00   0.27721E+00   0.11217E-01   0.55567E+00   0.74543E+00
   0.36400E+03   0.26670E+00   0.27643E+00   0.11175E-01   0.55431E+00   0.74452E+00
   0.36500E+03   0.26614E+00   0.27565E+00   0.11134E-01   0.55292E+00   0.74358E+00
   0.36600E+03   0.26556E+00   0.27485E+00   0.11092E-01   0.55150E+00   0.74263E+00
   0.36700E+03   0.26497E+00   0.27404E+00   0.11052E-01   0.55006E+00   0.74166E+00
   0.36800E+03   0.26437E+00   0.27321E+00   0.11011E-01   0.54859E+00   0.74067E+00
   0.36900E+03   0.26375E+00   0.27238E+00   0.10971E-01   0.54710E+00   0.73966E+00
   0.37000E+03   0.26311E+00   0.27154E+00   0.10931E-01   0.54559E+00   0.73864E+00
   0.37100E+03   0.26246E+00   0.27069E+00   0.10892E-01   0.54404E+00   0.73759E+00
   0.37200E+03   0.26180E+00   0.26982E+00   0.10852E-01   0.54247E+00   0.73653E+00
   0.37300E+03   0.26112E+00   0.26895E+00   0.10813E-01   0.54088E+00   0.73545E+00
   0.37400E+03   0.26043E+00   0.26806E+00   0.10774E-01   0.53926E+00   0.73434E+00
   0.37500E+03   0.25972E+00   0.26716E+00   0.10734E-01   0.53762E+00   0.73322E+00
   0.37600E+03   0.25899E+00   0.26626E+00   0.10695E-01   0.53594E+00   0.73208E+00
   0.37700E+03   0.25825E+00   0.26534E+00   0.10656E-01   0.53424E+00   0.73092E+00
   0.37800E+03   0.25750E+00   0.26440E+00   0.10616E-01   0.53252E+00   0.72974E+00
   0.37900E+03   0.25673E+00   0.26346E+00   0.10577E-01   0.53077E+00   0.72854E+00
   0.38000E+03   0.25594E+00   0.26250E+00   0.10537E-01   0.52899E+00   0.72731E+00
   0.38100E+03   0.25514E+00   0.26154E+00   0.10497E-01   0.52718E+00   0.72607E+00
   0.38200E+03   0.25433E+00   0.26056E+00   0.10456E-01   0.52534E+00   0.72480E+00
   0.38300E+03   0.25350E+00   0.25956E+00   0.10416E-01   0.52348E+00   0.72352E+00
   0.38400E+03   0.25265E+00   0.25856E+00   0.10374E-01   0.52158E+00   0.72221E+00
   0.38500E+03   0.25179E+00   0.25753E+00   0.10333E-01   0.51966E+00   0.72088E+00
   0.38600E+03   0.25092E+00   0.25650E+00   0.10291E-01   0.51771E+00   0.71952E+00
   0.38700E+03   0.25003E+00   0.25545E+00   0.10248E-01   0.51573E+00   0.71814E+00
   0.38800E+03   0.24912E+00   0.25439E+00   0.10205E-01   0.51371E+00   0.71674E+00
   0.38900E+03   0.24820E+00   0.25331E+00   0.10161E-01   0.51167E+00   0.71531E+00
   0.39000E+03   0.24726E+00   0.25221E+00   0.10117E-01   0.50959E+00   0.71386E+00
   0.39100E+03   0.24631E+00   0.25110E+00   0.10072E-01   0.50748E+00   0.71238E+00
   0.39200E+03   0.24534E+00   0.24998E+00   0.10026E-01   0.50534E+00   0.71087E+00
   0.39300E+03   0.24435E+00   0.24883E+00   0.99791E-02   0.50317E+00   0.70934E+00
   0.39400E+03   0.24335E+00   0.24767E+00   0.99318E-02   0.50096E+00   0.70778E+00
   0.39500E+03   0.24233E+00   0.24649E+00   0.98837E-02   0.49871E+00   0.70620E+00
   0.39600E+03   0.24130E+00   0.24530E+00   0.98348E-02   0.49643E+00   0.70458E+00
   0.39700E+03   0.24025E+00   0.24408E+00   0.97851E-02   0.49412E+00   0.70294E+00
   0.39800E+03   0.23918E+00   0.24285E+00   0.97346E-02   0.49177E+00   0.70126E+00
   0.39900E+03   0.23810E+00   0.24160E+00   0.96833E-02   0.48938E+00   0.69956E+00
   0.40000E+03   0.23700E+00   0.24033E+00   0.96312E-02   0.48696E+00   0.69783E+00
   0.40100E+03   0.23588E+00   0.23904E+00   0.95782E-02   0.48450E+00   0.69606E+00
   0.40200E+03   0.23475E+00   0.23773E+00   0.95244E-02   0.48200E+00   0.69427E+00
   0.40300E+03   0.23360E+00   0.23640E+00   0.94698E-02   0.47947E+00   0.69244E+00
   0.40400E+03   0.23243E+00   0.23505E+00   0.94145E-02   0.47690E+00   0.69058E+00
   0.40500E+03   0.23124E+00   0.23369E+00   0.93583E-02   0.47429E+00   0.68868E+00
   0.40600E+03   0.23004E+00   0.23230E+00   0.93014E-02   0.47164E+00   0.68676E+00
   0.40700E+03   0.22882E+00   0.23089E+00   0.92438E-02   0.46895E+00   0.68480E+00
   0.40800E+03   0.22758E+00   0.22946E+00   0.91855E-02   0.46623E+00   0.68281E+00
   0.40900E+03   0.22632E+00   0.22801E+00   0.91265E-02   0.46346E+00   0.68078E+00
   0.41000E+03   0.22505E+00   0.22655E+00   0.90670E-02   0.46066E+00   0.67872E+00
   0.41100E+03   0.22376E+00   0.22506E+00   0.90068E-02   0.45782E+00   0.67663E+00
   0.41200E+03   0.22245E+00   0.22355E+00   0.89462E-02   0.45495E+00   0.67450E+00
   0.41300E+03   0.22112E+00   0.22203E+00   0.88851E-02   0.45203E+00   0.67234E+00
   0.41400E+03   0.21978E+00   0.22048E+00   0.88236E-02   0.44909E+00   0.67014E+00
   0.41500E+03   0.21842E+00   0.21892E+00   0.87618E-02   0.44610E+00   0.66791E+00
   0.41600E+03   0.21705E+00   0.21733E+00   0.86997E-02   0.44308E+00   0.66564E+00
   0.41700E+03   0.21565E+00   0.21573E+00   0.86375E-02   0.44002E+00   0.66334E+00
   0.41800E+03   0.21425E+00   0.21411E+00   0.85751E-02   0.43693E+00   0.66100E+00
   0.41900E+03   0.21282E+00   0.21246E+00   0.85128E-02   0.43380E+00   0.65864E+00
   0.42000E+03   0.21139E+00   0.21080E+00   0.84505E-02   0.43064E+00   0.65623E+00
   0.42100E+03   0.20993E+00   0.20913E+00   0.83884E-02   0.42745E+00   0.65379E+00
   0.42200E+03   0.20846E+00   0.20743E+00   0.83266E-02   0.42422E+00   0.65132E+00
   0.42300E+03   0.20698E+00   0.20572E+00   0.82651E-02   0.42097E+00   0.64882E+00
   0.42400E+03   0.20549E+00   0.20399E+00   0.82041E-02   0.41768E+00   0.64628E+00
   0.42500E+03   0.20398E+00   0.20224E+00   0.81436E-02   0.41436E+00   0.64371E+00
   0.42600E+03   0.20246E+00   0.20047E+00   0.80837E-02   0.41101E+00   0.64110E+00
   0.42700E+03   0.20093E+00   0.19869E+00   0.80246E-02   0.40764E+00   0.63847E+00
   0.42800E+03   0.19938E+00   0.19689E+00   0.79663E-02   0.40424E+00   0.63580E+00
   0.42900E+03   0.19782E+00   0.19508E+00   0.79090E-02   0.40081E+00   0.63309E+00
   0.43000E+03   0.19626E+00   0.19325E+00   0.78526E-02   0.39735E+00   0.63036E+00
   0.43100E+03   0.19468E+00   0.19140E+00   0.77973E-02   0.39387E+00   0.62759E+00
   0.43200E+03   0.19309E+00   0.18954E+00   0.77431E-02   0.39037E+00   0.62480E+00
   0.43300E+03   0.19149E+00   0.18766E+00   0.76902E-02   0.38684E+00   0.62196E+00
   0.43400E+03   0.18988E+00   0.18577E+00   0.76385E-02   0.38329E+00   0.61910E+00
   0.43500E+03   0.18826E+00   0.18387E+00   0.75881E-02   0.37971E+00   0.61621E+00
   0.43600E+03   0.18663E+00   0.18195E+00   0.75389E-02   0.37612E+00   0.61328E+00
   0.43700E+03   0.18499E+00   0.18001E+00   0.74911E-02   0.37250E+00   0.61033E+00
   0.43800E+03   0.18335E+00   0.17807E+00   0.74445E-02   0.36886E+00   0.60734E+00
   0.43900E+03   0.18169E+00   0.17611E+00   0.73992E-02   0.36520E+00   0.60432E+00
   0.44000E+03   0.18003E+00   0.17414E+00   0.73551E-02   0.36152E+00   0.60126E+00
   0.44100E+03   0.17835E+00   0.17215E+00   0.73123E-02   0.35782E+00   0.59818E+00
   0.44200E+03   0.17667E+00   0.17016E+00   0.72707E-02   0.35410E+00   0.59506E+00
   0.44300E+03   0.17498E+00   0.16815E+00   0.72301E-02   0.35036E+00   0.59191E+00
   0.44400E+03   0.17327E+00   0.16614E+00   0.71906E-02   0.34660E+00   0.58873E+00
   0.44500E+03   0.17156E+00   0.16411E+00   0.71521E-02   0.34282E+00   0.58551E+00
   0.44600E+03   0.16984E+00   0.16207E+00   0.71144E-02   0.33902E+00   0.58226E+00
   0.44700E+03   0.16811E+00   0.16003E+00   0.70776E-02   0.33521E+00   0.57897E+00
   0.44800E+03   0.16636E+00   0.15797E+00   0.70414E-02   0.33138E+00   0.57565E+00
   0.44900E+03   0.16461E+00   0.15591E+00   0.70057E-02   0.32752E+00   0.57230E+00
   0.45000E+03   0.16284E+00   0.15384E+00   0.69706E-02   0.32365E+00   0.56891E+00
   0.45100E+03   0.16106E+00   0.15177E+00   0.69358E-02   0.31977E+00   0.56548E+00
   0.45200E+03   0.15927E+00   0.14969E+00   0.69011E-02   0.31586E+00   0.56202E+00
   0.45300E+03   0.15747E+00   0.14760E+00   0.68666E-02   0.31194E+00   0.55852E+00
   0.45400E+03   0.15565E+00   0.14552E+00   0.68320E-02   0.30800E+00   0.55498E+00
   0.45500E+03   0.15383E+00   0.14342E+00   0.67971E-02   0.30405E+00   0.55140E+00
   0.45600E+03   0.15198E+00   0.14133E+00   0.67620E-02   0.30008E+00   0.54779E+00
   0.45700E+03   0.15013E+00   0.13924E+00   0.67264E-02   0.29609E+00   0.54414E+00
   0.45800E+03   0.14826E+00   0.13714E+00   0.66901E-02   0.29209E+00   0.54045E+00
   0.45900E+03   0.14638E+00   0.13504E+00   0.66532E-02   0.28808E+00   0.53673E+00
   0.46000E+03   0.14448E+00   0.13295E+00   0.66154E-02   0.28405E+00   0.53296E+00
   0.46100E+03   0.14258E+00   0.13086E+00   0.65767E-02   0.28001E+00   0.52916E+00
   0.46200E+03   0.14066E+00   0.12877E+00   0.65369E-02   0.27596E+00   0.52532E+00
   0.46300E+03   0.13872E+00   0.12668E+00   0.64960E-02   0.27190E+00   0.52144E+00
   0.46400E+03   0.13678E+00   0.12460E+00   0.64540E-02   0.26783E+00   0.51752E+00
   0.46500E+03   0.13483E+00   0.12252E+00   0.64106E-02   0.26375E+00   0.51357E+00
   0.46600E+03   0.13286E+00   0.12045E+00   0.63659E-02   0.25967E+00   0.50958E+00
   0.46700E+03   0.13089E+00   0.11838E+00   0.63198E-02   0.25559E+00   0.50556E+00
   0.46800E+03   0.12891E+00   0.11633E+00   0.62721E-02   0.25151E+00   0.50150E+00
   0.46900E+03   0.12692E+00   0.11428E+00   0.62229E-02   0.24742E+00   0.49742E+00
   0.47000E+03   0.12492E+00   0.11225E+00   0.61721E-02   0.24335E+00   0.49330E+00
   0.47100E+03   0.12293E+00   0.11023E+00   0.61194E-02   0.23927E+00   0.48915E+00
   0.47200E+03   0.12093E+00   0.10822E+00   0.60649E-02   0.23521E+00   0.48498E+00
   0.47300E+03   0.11892E+00   0.10622E+00   0.60083E-02   0.23116E+00   0.48079E+00
   0.47400E+03   0.11692E+00   0.10424E+00   0.59496E-02   0.22712E+00   0.47657E+00
   0.47500E+03   0.11493E+00   0.10228E+00   0.58885E-02   0.22310E+00   0.47233E+00
   0.47600E+03   0.11293E+00   0.10034E+00   0.58248E-02   0.21910E+00   0.46808E+00
   0.47700E+03   0.11095E+00   0.98423E-01   0.57584E-02   0.21513E+00   0.46382E+00
   0.47800E+03   0.10897E+00   0.96525E-01   0.56891E-02   0.21118E+00   0.45955E+00
   0.47900E+03   0.10700E+00   0.94651E-01   0.56167E-02   0.20727E+00   0.45527E+00
   0.48000E+03   0.10505E+00   0.92803E-01   0.55410E-02   0.20340E+00   0.45099E+00
   0.48100E+03   0.10312E+00   0.90982E-01   0.54620E-02   0.19956E+00   0.44672E+00
   0.48200E+03   0.10120E+00   0.89190E-01   0.53795E-02   0.19577E+00   0.44246E+00
   0.48300E+03   0.99301E-01   0.87428E-01   0.52936E-02   0.19202E+00   0.43820E+00
   0.48400E+03   0.97428E-01   0.85699E-01   0.52042E-02   0.18833E+00   0.43397E+00
   0.48500E+03   0.95580E-01   0.84004E-01   0.51115E-02   0.18470E+00   0.42976E+00
   0.48600E+03   0.93761E-01   0.82345E-01   0.50157E-02   0.18112E+00   0.42558E+00
   0.48700E+03   0.91972E-01   0.80722E-01   0.49170E-02   0.17761E+00   0.42144E+00
   0.48800E+03   0.90216E-01   0.79138E-01   0.48156E-02   0.17417E+00   0.41734E+00
   0.48900E+03   0.88494E-01   0.77593E-01   0.47121E-02   0.17080E+00   0.41328E+00
   0.49000E+03   0.86809E-01   0.76089E-01   0.46069E-02   0.16750E+00   0.40927E+00
   0.49100E+03   0.85161E-01   0.74627E-01   0.45006E-02   0.16429E+00   0.40533E+00
   0.49200E+03   0.83553E-01   0.73207E-01   0.43937E-02   0.16115E+00   0.40144E+00
   0.49300E+03   0.81985E-01   0.71830E-01   0.42869E-02   0.15810E+00   0.39762E+00
   0.49400E+03   0.80459E-01   0.70496E-01   0.41810E-02   0.15514E+00   0.39387E+00
   0.49500E+03   0.78975E-01   0.69207E-01   0.40765E-02   0.15226E+00   0.39020E+00
   0.49600E+03   0.77534E-01   0.67961E-01   0.39743E-02   0.14947E+00   0.38661E+00
   0.49700E+03   0.76136E-01   0.66759E-01   0.38750E-02   0.14677E+00   0.38311E+00
   0.49800E+03   0.74783E-01   0.65600E-01   0.37792E-02   0.14416E+00   0.37969E+00
   0.49900E+03   0.73473E-01   0.64485E-01   0.36876E-02   0.14165E+00   0.37636E+00
   0.50000E+03   0.72207E-01   0.63413E-01   0.36007E-02   0.13922E+00   0.37312E+00
   0.50100E+03   0.70985E-01   0.62384E-01   0.35189E-02   0.13689E+00   0.36998E+00
   0.50200E+03   0.69807E-01   0.61396E-01   0.34424E-02   0.13465E+00   0.36694E+00
   0.50300E+03   0.68672E-01   0.60450E-01   0.33715E-02   0.13249E+00   0.36400E+00
   0.50400E+03   0.67579E-01   0.59544E-01   0.33062E-02   0.13043E+00   0.36115E+00
   0.50500E+03   0.66528E-01   0.58678E-01   0.32465E-02   0.12845E+00   0.35840E+00
   0.50600E+03   0.65518E-01   0.57850E-01   0.31923E-02   0.12656E+00   0.35575E+00
   0.50700E+03   0.64549E-01   0.57060E-01   0.31434E-02   0.12475E+00   0.35320E+00
   0.50800E+03   0.63618E-01   0.56307E-01   0.30995E-02   0.12302E+00   0.35075E+00
   0.50900E+03   0.62726E-01   0.55589E-01   0.30603E-02   0.12137E+00   0.34839E+00
   0.51000E+03   0.61870E-01   0.54904E-01   0.30254E-02   0.11980E+00   0.34612E+00
   0.51100E+03   0.61051E-01   0.54253E-01   0.29945E-02   0.11830E+00   0.34395E+00
   0.51200E+03   0.60266E-01   0.53634E-01   0.29671E-02   0.11687E+00   0.34186E+00
   0.51300E+03   0.59515E-01   0.53044E-01   0.29431E-02   0.11550E+00   0.33986E+00
   0.51400E+03   0.58797E-01   0.52484E-01   0.29221E-02   0.11420E+00   0.33794E+00
   0.51500E+03   0.58111E-01   0.51952E-01   0.29037E-02   0.11297E+00   0.33610E+00
   0.51600E+03   0.57456E-01   0.51446E-01   0.28879E-02   0.11179E+00   0.33435E+00
   0.51700E+03   0.56830E-01   0.50966E-01   0.28744E-02   0.11067E+00   0.33267E+00
   0.51800E+03   0.56234E-01   0.50510E-01   0.28631E-02   0.10961E+00   0.33107E+00
   0.51900E+03   0.55666E-01   0.50078E-01   0.28539E-02   0.10860E+00   0.32954E+00
   0.52000E+03   0.55125E-01   0.49668E-01   0.28467E-02   0.10764E+00   0.32809E+00
   0.52100E+03   0.54612E-01   0.49280E-01   0.28415E-02   0.10673E+00   0.32670E+00
   0.52200E+03   0.54125E-01   0.48913E-01   0.28383E-02   0.10588E+00   0.32539E+00
   0.52300E+03   0.53663E-01   0.48566E-01   0.28369E-02   0.10507E+00   0.32414E+00
   0.52400E+03   0.53226E-01   0.48238E-01   0.28373E-02   0.10430E+00   0.32296E+00
   0.52500E+03   0.52813E-01   0.47929E-01   0.28396E-02   0.10358E+00   0.32184E+00
   0.52600E+03   0.52425E-01   0.47638E-01   0.28434E-02   0.10291E+00   0.32079E+00
   0.52700E+03   0.52059E-01   0.47365E-01   0.28488E-02   0.10227E+00   0.31980E+00
   0.52800E+03   0.51716E-01   0.47109E-01   0.28556E-02   0.10168E+00   0.31887E+00
   0.52900E+03   0.51394E-01   0.46870E-01   0.28635E-02   0.10113E+00   0.31801E+00
   0.53000E+03   0.51094E-01   0.46648E-01   0.28725E-02   0.10061E+00   0.31720E+00
   0.53100E+03   0.50814E-01   0.46441E-01   0.28823E-02   0.10014E+00   0.31645E+00
   0.53200E+03   0.50554E-01   0.46251E-01   0.28927E-02   0.99697E-01   0.31575E+00
   0.53300E+03   0.50313E-01   0.46076E-01   0.29034E-02   0.99292E-01   0.31511E+00
   0.53400E+03   0.50091E-01   0.45916E-01   0.29142E-02   0.98921E-01   0.31452E+00
   0.53500E+03   0.49887E-01   0.45771E-01   0.29248E-02   0.98582E-01   0.31398E+00
   0.53600E+03   0.49699E-01   0.45640E-01   0.29351E-02   0.98275E-01   0.31349E+00
   0.53700E+03   0.49528E-01   0.45524E-01   0.29447E-02   0.97997E-01   0.31304E+00
   0.53800E+03   0.49373E-01   0.45421E-01   0.29536E-02   0.97748E-01   0.31265E+00
   0.53900E+03   0.49234E-01   0.45332E-01   0.29614E-02   0.97527E-01   0.31229E+00
   0.54000E+03   0.49108E-01   0.45256E-01   0.29681E-02   0.97333E-01   0.31198E+00
   0.54100E+03   0.48997E-01   0.45193E-01   0.29735E-02   0.97163E-01   0.31171E+00
   0.54200E+03   0.48899E-01   0.45142E-01   0.29774E-02   0.97019E-01   0.31148E+00
   0.54300E+03   0.48814E-01   0.45103E-01   0.29799E-02   0.96897E-01   0.31128E+00
   0.54400E+03   0.48742E-01   0.45076E-01   0.29808E-02   0.96799E-01   0.31112E+00
   0.54500E+03   0.48681E-01   0.45060E-01   0.29801E-02   0.96722E-01   0.31100E+00
   0.54600E+03   0.48632E-01   0.45056E-01   0.29779E-02   0.96665E-01   0.31091E+00
   0.54700E+03   0.48593E-01   0.45062E-01   0.29741E-02   0.96629E-01   0.31085E+00
   0.54800E+03   0.48566E-01   0.45078E-01   0.29689E-02   0.96613E-01   0.31083E+00
   0.54900E+03   0.48548E-01   0.45104E-01   0.29622E-02   0.96615E-01   0.31083E+00
   0.55000E+03   0.48540E-01   0.45140E-01   0.29543E-02   0.96635E-01   0.31086E+00
   0.55100E+03   0.48542E-01   0.45186E-01   0.29453E-02   0.96673E-01   0.31092E+00
   0.55200E+03   0.48553E-01   0.45240E-01   0.29352E-02   0.96728E-01   0.31101E+00
   0.55300E+03   0.48573E-01   0.45303E-01   0.29243E-02   0.96800E-01   0.31113E+00
   0.55400E+03   0.48601E-01   0.45375E-01   0.29126E-02   0.96889E-01   0.31127E+00
   0.55500E+03   0.48638E-01   0.45455E-01   0.29005E-02   0.96993E-01   0.31144E+00
   0.55600E+03   0.48683E-01   0.45542E-01   0.28880E-02   0.97113E-01   0.31163E+00
   0.55700E+03   0.48736E-01   0.45638E-01   0.28753E-02   0.97249E-01   0.31185E+00
   0.55800E+03   0.48796E-01   0.45740E-01   0.28627E-02   0.97399E-01   0.31209E+00
   0.55900E+03   0.48865E-01   0.45850E-01   0.28502E-02   0.97565E-01   0.31235E+00
   0.56000E+03   0.48940E-01   0.45967E-01   0.28380E-02   0.97745E-01   0.31264E+00
   0.56100E+03   0.49023E-01   0.46090E-01   0.28263E-02   0.97939E-01   0.31295E+00
   0.56200E+03   0.49113E-01   0.46219E-01   0.28151E-02   0.98146E-01   0.31328E+00
   0.56300E+03   0.49209E-01   0.46354E-01   0.28046E-02   0.98368E-01   0.31364E+00
   0.56400E+03   0.49313E-01   0.46495E-01   0.27949E-02   0.98603E-01   0.31401E+00
   0.56500E+03   0.49423E-01   0.46642E-01   0.27860E-02   0.98851E-01   0.31441E+00
   0.56600E+03   0.49540E-01   0.46794E-01   0.27780E-02   0.99112E-01   0.31482E+00
   0.56700E+03   0.49663E-01   0.46951E-01   0.27710E-02   0.99386E-01   0.31525E+00
   0.56800E+03   0.49794E-01   0.47113E-01   0.27651E-02   0.99672E-01   0.31571E+00
   0.56900E+03   0.49930E-01   0.47280E-01   0.27601E-02   0.99971E-01   0.31618E+00
   0.57000E+03   0.50074E-01   0.47452E-01   0.27562E-02   0.10028E+00   0.31667E+00
   0.57100E+03   0.50224E-01   0.47627E-01   0.27533E-02   0.10060E+00   0.31718E+00
   0.57200E+03   0.50380E-01   0.47807E-01   0.27514E-02   0.10094E+00   0.31771E+00
   0.57300E+03   0.50543E-01   0.47991E-01   0.27504E-02   0.10128E+00   0.31825E+00
   0.57400E+03   0.50712E-01   0.48178E-01   0.27505E-02   0.10164E+00   0.31881E+00
   0.57500E+03   0.50888E-01   0.48369E-01   0.27514E-02   0.10201E+00   0.31939E+00
   0.57600E+03   0.51070E-01   0.48563E-01   0.27533E-02   0.10239E+00   0.31998E+00
   0.57700E+03   0.51258E-01   0.48760E-01   0.27560E-02   0.10277E+00   0.32058E+00
   0.57800E+03   0.51453E-01   0.48960E-01   0.27596E-02   0.10317E+00   0.32121E+00
   0.57900E+03   0.51654E-01   0.49163E-01   0.27639E-02   0.10358E+00   0.32184E+00
   0.58000E+03   0.51861E-01   0.49369E-01   0.27690E-02   0.10400E+00   0.32249E+00
   0.58100E+03   0.52074E-01   0.49577E-01   0.27748E-02   0.10443E+00   0.32315E+00
   0.58200E+03   0.52292E-01   0.49787E-01   0.27813E-02   0.10486E+00   0.32382E+00
   0.58300E+03   0.52517E-01   0.49999E-01   0.27883E-02   0.10530E+00   0.32451E+00
   0.58400E+03   0.52747E-01   0.50213E-01   0.27960E-02   0.10576E+00   0.32520E+00
   0.58500E+03   0.52982E-01   0.50428E-01   0.28042E-02   0.10622E+00   0.32591E+00
   0.58600E+03   0.53223E-01   0.50646E-01   0.28129E-02   0.10668E+00   0.32662E+00
   0.58700E+03   0.53468E-01   0.50864E-01   0.28221E-02   0.10715E+00   0.32734E+00
   0.58800E+03   0.53718E-01   0.51083E-01   0.28317E-02   0.10763E+00   0.32808E+00
   0.58900E+03   0.53973E-01   0.51304E-01   0.28417E-02   0.10812E+00   0.32881E+00
   0.59000E+03   0.54232E-01   0.51525E-01   0.28520E-02   0.10861E+00   0.32956E+00
   0.59100E+03   0.54494E-01   0.51747E-01   0.28627E-02   0.10910E+00   0.33031E+00
   0.59200E+03   0.54760E-01   0.51970E-01   0.28736E-02   0.10960E+00   0.33106E+00
   0.59300E+03   0.55029E-01   0.52193E-01   0.28848E-02   0.11011E+00   0.33182E+00
   0.59400E+03   0.55301E-01   0.52416E-01   0.28962E-02   0.11061E+00   0.33259E+00
   0.59500E+03   0.55575E-01   0.52640E-01   0.29078E-02   0.11112E+00   0.33335E+00
   0.59600E+03   0.55851E-01   0.52863E-01   0.29196E-02   0.11163E+00   0.33412E+00
   0.59700E+03   0.56129E-01   0.53087E-01   0.29315E-02   0.11215E+00   0.33488E+00
   0.59800E+03   0.56408E-01   0.53310E-01   0.29437E-02   0.11266E+00   0.33565E+00
   0.59900E+03   0.56688E-01   0.53532E-01   0.29559E-02   0.11318E+00   0.33642E+00
   0.60000E+03   0.56969E-01   0.53755E-01   0.29683E-02   0.11369E+00   0.33718E+00
   0.60100E+03   0.57250E-01   0.53976E-01   0.29809E-02   0.11421E+00   0.33794E+00
   0.60200E+03   0.57531E-01   0.54197E-01   0.29935E-02   0.11472E+00   0.33870E+00
   0.60300E+03   0.57811E-01   0.54416E-01   0.30063E-02   0.11523E+00   0.33946E+00
   0.60400E+03   0.58090E-01   0.54634E-01   0.30191E-02   0.11574E+00   0.34021E+00
   0.60500E+03   0.58368E-01   0.54851E-01   0.30321E-02   0.11625E+00   0.34096E+00
   0.60600E+03   0.58644E-01   0.55067E-01   0.30451E-02   0.11676E+00   0.34170E+00
   0.60700E+03   0.58918E-01   0.55281E-01   0.30582E-02   0.11726E+00   0.34243E+00
   0.60800E+03   0.59189E-01   0.55493E-01   0.30715E-02   0.11775E+00   0.34315E+00
   0.60900E+03   0.59458E-01   0.55702E-01   0.30850E-02   0.11824E+00   0.34387E+00
   0.61000E+03   0.59722E-01   0.55910E-01   0.30985E-02   0.11873E+00   0.34457E+00
   0.61100E+03   0.59983E-01   0.56115E-01   0.31123E-02   0.11921E+00   0.34527E+00
   0.61200E+03   0.60239E-01   0.56317E-01   0.31262E-02   0.11968E+00   0.34595E+00
   0.61300E+03   0.60491E-01   0.56516E-01   0.31404E-02   0.12015E+00   0.34662E+00
   0.61400E+03   0.60737E-01   0.56713E-01   0.31548E-02   0.12060E+00   0.34728E+00
   0.61500E+03   0.60978E-01   0.56906E-01   0.31694E-02   0.12105E+00   0.34793E+00
   0.61600E+03   0.61212E-01   0.57095E-01   0.31843E-02   0.12149E+00   0.34856E+00
   0.61700E+03   0.61441E-01   0.57281E-01   0.31994E-02   0.12192E+00   0.34917E+00
   0.61800E+03   0.61662E-01   0.57464E-01   0.32150E-02   0.12234E+00   0.34977E+00
   0.61900E+03   0.61877E-01   0.57642E-01   0.32308E-02   0.12275E+00   0.35036E+00
   0.62000E+03   0.62084E-01   0.57817E-01   0.32471E-02   0.12315E+00   0.35093E+00
   0.62100E+03   0.62284E-01   0.57989E-01   0.32638E-02   0.12354E+00   0.35148E+00
   0.62200E+03   0.62476E-01   0.58156E-01   0.32809E-02   0.12391E+00   0.35201E+00
   0.62300E+03   0.62661E-01   0.58320E-01   0.32984E-02   0.12428E+00   0.35253E+00
   0.62400E+03   0.62838E-01   0.58480E-01   0.33165E-02   0.12463E+00   0.35304E+00
   0.62500E+03   0.63007E-01   0.58636E-01   0.33350E-02   0.12498E+00   0.35352E+00
   0.62600E+03   0.63168E-01   0.58790E-01   0.33540E-02   0.12531E+00   0.35399E+00
   0.62700E+03   0.63322E-01   0.58939E-01   0.33736E-02   0.12563E+00   0.35445E+00
   0.62800E+03   0.63468E-01   0.59086E-01   0.33937E-02   0.12595E+00   0.35489E+00
   0.62900E+03   0.63607E-01   0.59229E-01   0.34143E-02   0.12625E+00   0.35532E+00
   0.63000E+03   0.63739E-01   0.59370E-01   0.34354E-02   0.12654E+00   0.35573E+00
   0.63100E+03   0.63864E-01   0.59507E-01   0.34571E-02   0.12683E+00   0.35613E+00
   0.63200E+03   0.63982E-01   0.59642E-01   0.34794E-02   0.12710E+00   0.35652E+00
   0.63300E+03   0.64094E-01   0.59774E-01   0.35022E-02   0.12737E+00   0.35689E+00
   0.63400E+03   0.64200E-01   0.59902E-01   0.35256E-02   0.12763E+00   0.35725E+00
   0.63500E+03   0.64300E-01   0.60028E-01   0.35495E-02   0.12788E+00   0.35760E+00
   0.63600E+03   0.64395E-01   0.60151E-01   0.35740E-02   0.12812E+00   0.35794E+00
   0.63700E+03   0.64485E-01   0.60271E-01   0.35990E-02   0.12836E+00   0.35827E+00
   0.63800E+03   0.64570E-01   0.60387E-01   0.36246E-02   0.12858E+00   0.35858E+00
   0.63900E+03   0.64650E-01   0.60500E-01   0.36507E-02   0.12880E+00   0.35889E+00
   0.64000E+03   0.64725E-01   0.60609E-01   0.36773E-02   0.12901E+00   0.35918E+00
   0.64100E+03   0.64796E-01   0.60713E-01   0.37044E-02   0.12921E+00   0.35946E+00
   0.64200E+03   0.64863E-01   0.60812E-01   0.37320E-02   0.12941E+00   0.35973E+00
   0.64300E+03   0.64926E-01   0.60906E-01   0.37602E-02   0.12959E+00   0.35999E+00
   0.64400E+03   0.64984E-01   0.60994E-01   0.37888E-02   0.12977E+00   0.36023E+00
   0.64500E+03   0.65039E-01   0.61077E-01   0.38178E-02   0.12993E+00   0.36046E+00
   0.64600E+03   0.65090E-01   0.61152E-01   0.38473E-02   0.13009E+00   0.36068E+00
   0.64700E+03   0.65138E-01   0.61220E-01   0.38772E-02   0.13023E+00   0.36088E+00
   0.64800E+03   0.65181E-01   0.61280E-01   0.39075E-02   0.13037E+00   0.36107E+00
   0.64900E+03   0.65221E-01   0.61332E-01   0.39381E-02   0.13049E+00   0.36124E+00
   0.65000E+03   0.65256E-01   0.61376E-01   0.39691E-02   0.13060E+00   0.36139E+00
   0.65100E+03   0.65288E-01   0.61410E-01   0.40003E-02   0.13070E+00   0.36152E+00
   0.65200E+03   0.65316E-01   0.61434E-01   0.40317E-02   0.13078E+00   0.36164E+00
   0.65300E+03   0.65339E-01   0.61449E-01   0.40633E-02   0.13085E+00   0.36173E+00
   0.65400E+03   0.65358E-01   0.61453E-01   0.40949E-02   0.13091E+00   0.36181E+00
   0.65500E+03   0.65372E-01   0.61447E-01   0.41265E-02   0.13094E+00   0.36186E+00
   0.65600E+03   0.65381E-01   0.61430E-01   0.41580E-02   0.13097E+00   0.36190E+00
   0.65700E+03   0.65384E-01   0.61402E-01   0.41893E-02   0.13098E+00   0.36191E+00
   0.65800E+03   0.65382E-01   0.61363E-01   0.42202E-02   0.13097E+00   0.36189E+00
   0.65900E+03   0.65374E-01   0.61313E-01   0.42506E-02   0.13094E+00   0.36185E+00
   0.66000E+03   0.65359E-01   0.61252E-01   0.42803E-02   0.13089E+00   0.36179E+00
   0.66100E+03   0.65336E-01   0.61180E-01   0.43092E-02   0.13083E+00   0.36170E+00
   0.66200E+03   0.65307E-01   0.61097E-01   0.43372E-02   0.13074E+00   0.36158E+00
   0.66300E+03   0.65269E-01   0.61003E-01   0.43639E-02   0.13064E+00   0.36144E+00
   0.66400E+03   0.65222E-01   0.60900E-01   0.43893E-02   0.13051E+00   0.36126E+00
   0.66500E+03   0.65166E-01   0.60785E-01   0.44132E-02   0.13036E+00   0.36106E+00
   0.66600E+03   0.65100E-01   0.60662E-01   0.44355E-02   0.13020E+00   0.36083E+00
   0.66700E+03   0.65024E-01   0.60528E-01   0.44558E-02   0.13001E+00   0.36057E+00
   0.66800E+03   0.64938E-01   0.60386E-01   0.44743E-02   0.12980E+00   0.36027E+00
   0.66900E+03   0.64839E-01   0.60234E-01   0.44906E-02   0.12956E+00   0.35995E+00
   0.67000E+03   0.64730E-01   0.60075E-01   0.45049E-02   0.12931E+00   0.35960E+00
   0.67100E+03   0.64608E-01   0.59907E-01   0.45169E-02   0.12903E+00   0.35921E+00
   0.67200E+03   0.64474E-01   0.59733E-01   0.45268E-02   0.12873E+00   0.35879E+00
   0.67300E+03   0.64327E-01   0.59551E-01   0.45345E-02   0.12841E+00   0.35835E+00
   0.67400E+03   0.64167E-01   0.59363E-01   0.45403E-02   0.12807E+00   0.35787E+00
   0.67500E+03   0.63995E-01   0.59169E-01   0.45441E-02   0.12771E+00   0.35736E+00
   0.67600E+03   0.63810E-01   0.58970E-01   0.45463E-02   0.12733E+00   0.35683E+00
   0.67700E+03   0.63613E-01   0.58766E-01   0.45470E-02   0.12693E+00   0.35627E+00
   0.67800E+03   0.63404E-01   0.58558E-01   0.45466E-02   0.12651E+00   0.35568E+00
   0.67900E+03   0.63182E-01   0.58345E-01   0.45452E-02   0.12607E+00   0.35507E+00
   0.68000E+03   0.62949E-01   0.58129E-01   0.45433E-02   0.12562E+00   0.35443E+00
   0.68100E+03   0.62704E-01   0.57910E-01   0.45410E-02   0.12515E+00   0.35377E+00
   0.68200E+03   0.62449E-01   0.57687E-01   0.45388E-02   0.12468E+00   0.35309E+00
   0.68300E+03   0.62183E-01   0.57463E-01   0.45368E-02   0.12418E+00   0.35240E+00
   0.68400E+03   0.61908E-01   0.57236E-01   0.45355E-02   0.12368E+00   0.35168E+00
   0.68500E+03   0.61624E-01   0.57007E-01   0.45350E-02   0.12317E+00   0.35095E+00
   0.68600E+03   0.61332E-01   0.56776E-01   0.45357E-02   0.12264E+00   0.35021E+00
   0.68700E+03   0.61032E-01   0.56544E-01   0.45378E-02   0.12211E+00   0.34945E+00
   0.68800E+03   0.60725E-01   0.56310E-01   0.45415E-02   0.12158E+00   0.34868E+00
   0.68900E+03   0.60411E-01   0.56075E-01   0.45469E-02   0.12103E+00   0.34790E+00
   0.69000E+03   0.60092E-01   0.55839E-01   0.45541E-02   0.12048E+00   0.34711E+00
   0.69100E+03   0.59768E-01   0.55601E-01   0.45631E-02   0.11993E+00   0.34631E+00
   0.69200E+03   0.59440E-01   0.55363E-01   0.45740E-02   0.11938E+00   0.34551E+00
   0.69300E+03   0.59108E-01   0.55123E-01   0.45867E-02   0.11882E+00   0.34470E+00
   0.69400E+03   0.58773E-01   0.54883E-01   0.46011E-02   0.11826E+00   0.34389E+00
   0.69500E+03   0.58436E-01   0.54642E-01   0.46172E-02   0.11770E+00   0.34307E+00
   0.69600E+03   0.58097E-01   0.54400E-01   0.46350E-02   0.11713E+00   0.34224E+00
   0.69700E+03   0.57757E-01   0.54156E-01   0.46542E-02   0.11657E+00   0.34142E+00
   0.69800E+03   0.57416E-01   0.53913E-01   0.46749E-02   0.11600E+00   0.34059E+00
   0.69900E+03   0.57074E-01   0.53668E-01   0.46968E-02   0.11544E+00   0.33976E+00
   0.70000E+03   0.56733E-01   0.53423E-01   0.47197E-02   0.11488E+00   0.33893E+00
   0.70100E+03   0.56392E-01   0.53177E-01   0.47437E-02   0.11431E+00   0.33810E+00
   0.70200E+03   0.56052E-01   0.52930E-01   0.47684E-02   0.11375E+00   0.33727E+00
   0.70300E+03   0.55712E-01   0.52683E-01   0.47939E-02   0.11319E+00   0.33644E+00
   0.70400E+03   0.55374E-01   0.52435E-01   0.48199E-02   0.11263E+00   0.33560E+00
   0.70500E+03   0.55038E-01   0.52187E-01   0.48465E-02   0.11207E+00   0.33477E+00
   0.70600E+03   0.54703E-01   0.51938E-01   0.48737E-02   0.11151E+00   0.33394E+00
   0.70700E+03   0.54369E-01   0.51690E-01   0.49015E-02   0.11096E+00   0.33311E+00
   0.70800E+03   0.54038E-01   0.51441E-01   0.49300E-02   0.11041E+00   0.33228E+00
   0.70900E+03   0.53709E-01   0.51192E-01   0.49591E-02   0.10986E+00   0.33145E+00
   0.71000E+03   0.53382E-01   0.50943E-01   0.49890E-02   0.10931E+00   0.33063E+00
   0.71100E+03   0.53058E-01   0.50695E-01   0.50198E-02   0.10877E+00   0.32981E+00
   0.71200E+03   0.52736E-01   0.50446E-01   0.50514E-02   0.10823E+00   0.32899E+00
   0.71300E+03   0.52417E-01   0.50198E-01   0.50841E-02   0.10770E+00   0.32818E+00
