    #Time(fs)    x-MSD(A^2)    y-MSD(A^2)    z-MSD(A^2)    tot-MSD(A^2)  sqrt(MSD)(A)
   0.00000E+00  -0.71386E-14  -0.37059E-14  -0.49343E-14  -0.20922E-13           NaN
   0.10000E+01   0.16454E-04   0.15916E-04   0.10258E-05   0.33396E-04   0.57790E-02
   0.20000E+01   0.65877E-04   0.63703E-04   0.40941E-05   0.13367E-03   0.11562E-01
   0.30000E+01   0.14834E-03   0.14340E-03   0.91884E-05   0.30092E-03   0.17347E-01
   0.40000E+01   0.26387E-03   0.25502E-03   0.16289E-04   0.53518E-03   0.23134E-01
   0.50000E+01   0.41249E-03   0.39856E-03   0.25373E-04   0.83643E-03   0.28921E-01
   0.60000E+01   0.59418E-03   0.57399E-03   0.36414E-04   0.12046E-02   0.34707E-01
   0.70000E+01   0.80890E-03   0.78125E-03   0.49384E-04   0.16395E-02   0.40491E-01
   0.80000E+01   0.10566E-02   0.10203E-02   0.64251E-04   0.21411E-02   0.46272E-01
   0.90000E+01   0.13371E-02   0.12909E-02   0.80981E-04   0.27090E-02   0.52048E-01
   0.10000E+02   0.16503E-02   0.15931E-02   0.99537E-04   0.33430E-02   0.57819E-01
   0.11000E+02   0.19961E-02   0.19268E-02   0.11988E-03   0.40428E-02   0.63583E-01
   0.12000E+02   0.23743E-02   0.22916E-02   0.14197E-03   0.48079E-02   0.69339E-01
   0.13000E+02   0.27847E-02   0.26875E-02   0.16576E-03   0.56380E-02   0.75087E-01
   0.14000E+02   0.32271E-02   0.31143E-02   0.19121E-03   0.65326E-02   0.80824E-01
   0.15000E+02   0.37011E-02   0.35717E-02   0.21827E-03   0.74911E-02   0.86551E-01
   0.16000E+02   0.42067E-02   0.40596E-02   0.24690E-03   0.85131E-02   0.92267E-01
   0.17000E+02   0.47434E-02   0.45776E-02   0.27704E-03   0.95980E-02   0.97969E-01
   0.18000E+02   0.53109E-02   0.51255E-02   0.30864E-03   0.10745E-01   0.10366E+00
   0.19000E+02   0.59090E-02   0.57031E-02   0.34166E-03   0.11954E-01   0.10933E+00
   0.20000E+02   0.65373E-02   0.63100E-02   0.37603E-03   0.13223E-01   0.11499E+00
   0.21000E+02   0.71954E-02   0.69460E-02   0.41171E-03   0.14553E-01   0.12064E+00
   0.22000E+02   0.78829E-02   0.76107E-02   0.44864E-03   0.15942E-01   0.12626E+00
   0.23000E+02   0.85996E-02   0.83039E-02   0.48677E-03   0.17390E-01   0.13187E+00
   0.24000E+02   0.93449E-02   0.90251E-02   0.52604E-03   0.18896E-01   0.13746E+00
   0.25000E+02   0.10118E-01   0.97742E-02   0.56640E-03   0.20459E-01   0.14304E+00
   0.26000E+02   0.10920E-01   0.10551E-01   0.60779E-03   0.22078E-01   0.14859E+00
   0.27000E+02   0.11749E-01   0.11354E-01   0.65015E-03   0.23753E-01   0.15412E+00
   0.28000E+02   0.12605E-01   0.12185E-01   0.69344E-03   0.25483E-01   0.15963E+00
   0.29000E+02   0.13487E-01   0.13041E-01   0.73759E-03   0.27266E-01   0.16512E+00
   0.30000E+02   0.14396E-01   0.13924E-01   0.78254E-03   0.29102E-01   0.17059E+00
   0.31000E+02   0.15330E-01   0.14833E-01   0.82825E-03   0.30991E-01   0.17604E+00
   0.32000E+02   0.16289E-01   0.15766E-01   0.87465E-03   0.32930E-01   0.18147E+00
   0.33000E+02   0.17274E-01   0.16725E-01   0.92170E-03   0.34920E-01   0.18687E+00
   0.34000E+02   0.18282E-01   0.17708E-01   0.96933E-03   0.36960E-01   0.19225E+00
   0.35000E+02   0.19315E-01   0.18716E-01   0.10175E-02   0.39048E-01   0.19761E+00
   0.36000E+02   0.20370E-01   0.19747E-01   0.10661E-02   0.41184E-01   0.20294E+00
   0.37000E+02   0.21449E-01   0.20802E-01   0.11152E-02   0.43366E-01   0.20825E+00
   0.38000E+02   0.22550E-01   0.21880E-01   0.11647E-02   0.45595E-01   0.21353E+00
   0.39000E+02   0.23674E-01   0.22981E-01   0.12144E-02   0.47869E-01   0.21879E+00
   0.40000E+02   0.24818E-01   0.24104E-01   0.12644E-02   0.50187E-01   0.22402E+00
   0.41000E+02   0.25984E-01   0.25249E-01   0.13147E-02   0.52548E-01   0.22923E+00
   0.42000E+02   0.27171E-01   0.26416E-01   0.13651E-02   0.54952E-01   0.23442E+00
   0.43000E+02   0.28378E-01   0.27604E-01   0.14156E-02   0.57397E-01   0.23958E+00
   0.44000E+02   0.29605E-01   0.28813E-01   0.14662E-02   0.59884E-01   0.24471E+00
   0.45000E+02   0.30851E-01   0.30042E-01   0.15168E-02   0.62410E-01   0.24982E+00
   0.46000E+02   0.32117E-01   0.31292E-01   0.15674E-02   0.64976E-01   0.25490E+00
   0.47000E+02   0.33400E-01   0.32562E-01   0.16179E-02   0.67580E-01   0.25996E+00
   0.48000E+02   0.34702E-01   0.33852E-01   0.16682E-02   0.70222E-01   0.26499E+00
   0.49000E+02   0.36022E-01   0.35160E-01   0.17184E-02   0.72901E-01   0.27000E+00
   0.50000E+02   0.37359E-01   0.36488E-01   0.17684E-02   0.75615E-01   0.27498E+00
   0.51000E+02   0.38713E-01   0.37834E-01   0.18181E-02   0.78365E-01   0.27994E+00
   0.52000E+02   0.40084E-01   0.39198E-01   0.18675E-02   0.81150E-01   0.28487E+00
   0.53000E+02   0.41471E-01   0.40581E-01   0.19165E-02   0.83968E-01   0.28977E+00
   0.54000E+02   0.42874E-01   0.41981E-01   0.19651E-02   0.86819E-01   0.29465E+00
   0.55000E+02   0.44292E-01   0.43398E-01   0.20133E-02   0.89703E-01   0.29950E+00
   0.56000E+02   0.45725E-01   0.44832E-01   0.20610E-02   0.92618E-01   0.30433E+00
   0.57000E+02   0.47173E-01   0.46283E-01   0.21082E-02   0.95565E-01   0.30914E+00
   0.58000E+02   0.48636E-01   0.47751E-01   0.21548E-02   0.98541E-01   0.31391E+00
   0.59000E+02   0.50112E-01   0.49234E-01   0.22008E-02   0.10155E+00   0.31867E+00
   0.60000E+02   0.51603E-01   0.50734E-01   0.22462E-02   0.10458E+00   0.32339E+00
   0.61000E+02   0.53106E-01   0.52249E-01   0.22908E-02   0.10765E+00   0.32809E+00
   0.62000E+02   0.54623E-01   0.53779E-01   0.23348E-02   0.11074E+00   0.33277E+00
   0.63000E+02   0.56153E-01   0.55325E-01   0.23780E-02   0.11386E+00   0.33743E+00
   0.64000E+02   0.57695E-01   0.56885E-01   0.24204E-02   0.11700E+00   0.34205E+00
   0.65000E+02   0.59250E-01   0.58460E-01   0.24620E-02   0.12017E+00   0.34666E+00
   0.66000E+02   0.60816E-01   0.60049E-01   0.25028E-02   0.12337E+00   0.35124E+00
   0.67000E+02   0.62394E-01   0.61652E-01   0.25426E-02   0.12659E+00   0.35579E+00
   0.68000E+02   0.63983E-01   0.63269E-01   0.25816E-02   0.12983E+00   0.36032E+00
   0.69000E+02   0.65583E-01   0.64899E-01   0.26197E-02   0.13310E+00   0.36483E+00
   0.70000E+02   0.67195E-01   0.66543E-01   0.26567E-02   0.13639E+00   0.36932E+00
   0.71000E+02   0.68816E-01   0.68201E-01   0.26928E-02   0.13971E+00   0.37378E+00
   0.72000E+02   0.70448E-01   0.69871E-01   0.27280E-02   0.14305E+00   0.37822E+00
   0.73000E+02   0.72090E-01   0.71554E-01   0.27621E-02   0.14641E+00   0.38263E+00
   0.74000E+02   0.73742E-01   0.73249E-01   0.27951E-02   0.14979E+00   0.38702E+00
   0.75000E+02   0.75404E-01   0.74957E-01   0.28272E-02   0.15319E+00   0.39139E+00
   0.76000E+02   0.77074E-01   0.76677E-01   0.28582E-02   0.15661E+00   0.39574E+00
   0.77000E+02   0.78754E-01   0.78409E-01   0.28881E-02   0.16005E+00   0.40006E+00
   0.78000E+02   0.80443E-01   0.80153E-01   0.29169E-02   0.16351E+00   0.40437E+00
   0.79000E+02   0.82140E-01   0.81909E-01   0.29447E-02   0.16699E+00   0.40865E+00
   0.80000E+02   0.83846E-01   0.83676E-01   0.29714E-02   0.17049E+00   0.41291E+00
   0.81000E+02   0.85561E-01   0.85454E-01   0.29970E-02   0.17401E+00   0.41715E+00
   0.82000E+02   0.87283E-01   0.87244E-01   0.30215E-02   0.17755E+00   0.42136E+00
   0.83000E+02   0.89013E-01   0.89045E-01   0.30450E-02   0.18110E+00   0.42556E+00
   0.84000E+02   0.90751E-01   0.90856E-01   0.30674E-02   0.18467E+00   0.42974E+00
   0.85000E+02   0.92496E-01   0.92679E-01   0.30887E-02   0.18826E+00   0.43389E+00
   0.86000E+02   0.94249E-01   0.94512E-01   0.31090E-02   0.19187E+00   0.43803E+00
   0.87000E+02   0.96008E-01   0.96356E-01   0.31282E-02   0.19549E+00   0.44214E+00
   0.88000E+02   0.97775E-01   0.98209E-01   0.31464E-02   0.19913E+00   0.44624E+00
   0.89000E+02   0.99549E-01   0.10007E+00   0.31635E-02   0.20279E+00   0.45032E+00
   0.90000E+02   0.10133E+00   0.10195E+00   0.31797E-02   0.20646E+00   0.45437E+00
   0.91000E+02   0.10312E+00   0.10383E+00   0.31949E-02   0.21014E+00   0.45841E+00
   0.92000E+02   0.10491E+00   0.10573E+00   0.32091E-02   0.21384E+00   0.46243E+00
   0.93000E+02   0.10671E+00   0.10763E+00   0.32223E-02   0.21756E+00   0.46643E+00
   0.94000E+02   0.10851E+00   0.10954E+00   0.32347E-02   0.22129E+00   0.47041E+00
   0.95000E+02   0.11032E+00   0.11147E+00   0.32461E-02   0.22504E+00   0.47438E+00
   0.96000E+02   0.11214E+00   0.11340E+00   0.32566E-02   0.22879E+00   0.47832E+00
   0.97000E+02   0.11396E+00   0.11534E+00   0.32663E-02   0.23257E+00   0.48225E+00
   0.98000E+02   0.11579E+00   0.11729E+00   0.32751E-02   0.23635E+00   0.48616E+00
   0.99000E+02   0.11762E+00   0.11925E+00   0.32831E-02   0.24016E+00   0.49006E+00
   0.10000E+03   0.11946E+00   0.12122E+00   0.32904E-02   0.24397E+00   0.49393E+00
   0.10100E+03   0.12130E+00   0.12320E+00   0.32968E-02   0.24780E+00   0.49779E+00
   0.10200E+03   0.12315E+00   0.12518E+00   0.33026E-02   0.25164E+00   0.50163E+00
   0.10300E+03   0.12500E+00   0.12718E+00   0.33077E-02   0.25549E+00   0.50546E+00
   0.10400E+03   0.12686E+00   0.12918E+00   0.33121E-02   0.25935E+00   0.50927E+00
   0.10500E+03   0.12872E+00   0.13119E+00   0.33159E-02   0.26323E+00   0.51306E+00
   0.10600E+03   0.13059E+00   0.13321E+00   0.33190E-02   0.26712E+00   0.51683E+00
   0.10700E+03   0.13246E+00   0.13524E+00   0.33216E-02   0.27102E+00   0.52059E+00
   0.10800E+03   0.13433E+00   0.13728E+00   0.33237E-02   0.27493E+00   0.52434E+00
   0.10900E+03   0.13621E+00   0.13932E+00   0.33253E-02   0.27885E+00   0.52807E+00
   0.11000E+03   0.13809E+00   0.14137E+00   0.33264E-02   0.28279E+00   0.53178E+00
   0.11100E+03   0.13998E+00   0.14343E+00   0.33270E-02   0.28673E+00   0.53548E+00
   0.11200E+03   0.14187E+00   0.14550E+00   0.33273E-02   0.29069E+00   0.53916E+00
   0.11300E+03   0.14376E+00   0.14757E+00   0.33272E-02   0.29466E+00   0.54282E+00
   0.11400E+03   0.14566E+00   0.14965E+00   0.33268E-02   0.29864E+00   0.54648E+00
   0.11500E+03   0.14756E+00   0.15174E+00   0.33260E-02   0.30262E+00   0.55011E+00
   0.11600E+03   0.14946E+00   0.15384E+00   0.33250E-02   0.30662E+00   0.55374E+00
   0.11700E+03   0.15137E+00   0.15594E+00   0.33238E-02   0.31063E+00   0.55734E+00
   0.11800E+03   0.15328E+00   0.15805E+00   0.33223E-02   0.31465E+00   0.56094E+00
   0.11900E+03   0.15519E+00   0.16017E+00   0.33207E-02   0.31868E+00   0.56451E+00
   0.12000E+03   0.15711E+00   0.16229E+00   0.33189E-02   0.32271E+00   0.56808E+00
   0.12100E+03   0.15902E+00   0.16442E+00   0.33170E-02   0.32676E+00   0.57163E+00
   0.12200E+03   0.16095E+00   0.16655E+00   0.33151E-02   0.33081E+00   0.57516E+00
   0.12300E+03   0.16287E+00   0.16869E+00   0.33130E-02   0.33488E+00   0.57869E+00
   0.12400E+03   0.16480E+00   0.17084E+00   0.33110E-02   0.33895E+00   0.58219E+00
   0.12500E+03   0.16673E+00   0.17300E+00   0.33089E-02   0.34303E+00   0.58569E+00
   0.12600E+03   0.16866E+00   0.17515E+00   0.33069E-02   0.34712E+00   0.58917E+00
   0.12700E+03   0.17059E+00   0.17732E+00   0.33049E-02   0.35122E+00   0.59264E+00
   0.12800E+03   0.17253E+00   0.17949E+00   0.33030E-02   0.35532E+00   0.59609E+00
   0.12900E+03   0.17447E+00   0.18167E+00   0.33012E-02   0.35944E+00   0.59953E+00
   0.13000E+03   0.17641E+00   0.18385E+00   0.32995E-02   0.36356E+00   0.60296E+00
   0.13100E+03   0.17835E+00   0.18604E+00   0.32979E-02   0.36769E+00   0.60637E+00
   0.13200E+03   0.18030E+00   0.18823E+00   0.32965E-02   0.37182E+00   0.60977E+00
   0.13300E+03   0.18224E+00   0.19043E+00   0.32952E-02   0.37596E+00   0.61316E+00
   0.13400E+03   0.18419E+00   0.19263E+00   0.32941E-02   0.38011E+00   0.61653E+00
   0.13500E+03   0.18614E+00   0.19483E+00   0.32933E-02   0.38427E+00   0.61990E+00
   0.13600E+03   0.18810E+00   0.19705E+00   0.32926E-02   0.38843E+00   0.62324E+00
   0.13700E+03   0.19005E+00   0.19926E+00   0.32922E-02   0.39260E+00   0.62658E+00
   0.13800E+03   0.19201E+00   0.20148E+00   0.32920E-02   0.39678E+00   0.62990E+00
   0.13900E+03   0.19396E+00   0.20371E+00   0.32921E-02   0.40096E+00   0.63321E+00
   0.14000E+03   0.19592E+00   0.20593E+00   0.32925E-02   0.40515E+00   0.63651E+00
   0.14100E+03   0.19788E+00   0.20817E+00   0.32931E-02   0.40934E+00   0.63980E+00
   0.14200E+03   0.19984E+00   0.21040E+00   0.32940E-02   0.41354E+00   0.64307E+00
   0.14300E+03   0.20181E+00   0.21264E+00   0.32952E-02   0.41774E+00   0.64633E+00
   0.14400E+03   0.20377E+00   0.21489E+00   0.32968E-02   0.42195E+00   0.64958E+00
   0.14500E+03   0.20573E+00   0.21713E+00   0.32986E-02   0.42617E+00   0.65281E+00
   0.14600E+03   0.20770E+00   0.21938E+00   0.33007E-02   0.43039E+00   0.65604E+00
   0.14700E+03   0.20967E+00   0.22164E+00   0.33032E-02   0.43461E+00   0.65925E+00
   0.14800E+03   0.21163E+00   0.22390E+00   0.33060E-02   0.43883E+00   0.66245E+00
   0.14900E+03   0.21360E+00   0.22615E+00   0.33092E-02   0.44307E+00   0.66563E+00
   0.15000E+03   0.21557E+00   0.22842E+00   0.33127E-02   0.44730E+00   0.66881E+00
   0.15100E+03   0.21754E+00   0.23068E+00   0.33165E-02   0.45154E+00   0.67197E+00
   0.15200E+03   0.21951E+00   0.23295E+00   0.33207E-02   0.45578E+00   0.67512E+00
   0.15300E+03   0.22148E+00   0.23522E+00   0.33253E-02   0.46003E+00   0.67825E+00
   0.15400E+03   0.22345E+00   0.23749E+00   0.33302E-02   0.46427E+00   0.68138E+00
   0.15500E+03   0.22542E+00   0.23977E+00   0.33354E-02   0.46852E+00   0.68449E+00
   0.15600E+03   0.22739E+00   0.24204E+00   0.33410E-02   0.47278E+00   0.68759E+00
   0.15700E+03   0.22936E+00   0.24432E+00   0.33470E-02   0.47703E+00   0.69068E+00
   0.15800E+03   0.23133E+00   0.24660E+00   0.33533E-02   0.48129E+00   0.69375E+00
   0.15900E+03   0.23330E+00   0.24889E+00   0.33600E-02   0.48555E+00   0.69681E+00
   0.16000E+03   0.23528E+00   0.25117E+00   0.33670E-02   0.48981E+00   0.69987E+00
   0.16100E+03   0.23725E+00   0.25345E+00   0.33744E-02   0.49407E+00   0.70290E+00
   0.16200E+03   0.23922E+00   0.25574E+00   0.33821E-02   0.49834E+00   0.70593E+00
   0.16300E+03   0.24119E+00   0.25803E+00   0.33902E-02   0.50260E+00   0.70895E+00
   0.16400E+03   0.24315E+00   0.26032E+00   0.33986E-02   0.50687E+00   0.71195E+00
   0.16500E+03   0.24512E+00   0.26261E+00   0.34073E-02   0.51114E+00   0.71494E+00
   0.16600E+03   0.24709E+00   0.26490E+00   0.34163E-02   0.51540E+00   0.71792E+00
   0.16700E+03   0.24906E+00   0.26719E+00   0.34257E-02   0.51967E+00   0.72088E+00
   0.16800E+03   0.25102E+00   0.26948E+00   0.34354E-02   0.52394E+00   0.72383E+00
   0.16900E+03   0.25299E+00   0.27177E+00   0.34454E-02   0.52820E+00   0.72678E+00
   0.17000E+03   0.25495E+00   0.27406E+00   0.34556E-02   0.53247E+00   0.72970E+00
   0.17100E+03   0.25692E+00   0.27635E+00   0.34662E-02   0.53673E+00   0.73262E+00
   0.17200E+03   0.25888E+00   0.27864E+00   0.34770E-02   0.54100E+00   0.73553E+00
   0.17300E+03   0.26084E+00   0.28093E+00   0.34881E-02   0.54526E+00   0.73842E+00
   0.17400E+03   0.26280E+00   0.28322E+00   0.34995E-02   0.54952E+00   0.74130E+00
   0.17500E+03   0.26476E+00   0.28551E+00   0.35111E-02   0.55378E+00   0.74416E+00
   0.17600E+03   0.26671E+00   0.28780E+00   0.35229E-02   0.55804E+00   0.74702E+00
   0.17700E+03   0.26867E+00   0.29009E+00   0.35350E-02   0.56229E+00   0.74986E+00
   0.17800E+03   0.27062E+00   0.29238E+00   0.35472E-02   0.56654E+00   0.75269E+00
   0.17900E+03   0.27257E+00   0.29466E+00   0.35597E-02   0.57079E+00   0.75551E+00
   0.18000E+03   0.27452E+00   0.29694E+00   0.35723E-02   0.57504E+00   0.75831E+00
   0.18100E+03   0.27647E+00   0.29923E+00   0.35851E-02   0.57928E+00   0.76110E+00
   0.18200E+03   0.27841E+00   0.30151E+00   0.35981E-02   0.58351E+00   0.76388E+00
   0.18300E+03   0.28035E+00   0.30378E+00   0.36112E-02   0.58775E+00   0.76665E+00
   0.18400E+03   0.28229E+00   0.30606E+00   0.36244E-02   0.59197E+00   0.76940E+00
   0.18500E+03   0.28423E+00   0.30833E+00   0.36378E-02   0.59619E+00   0.77214E+00
   0.18600E+03   0.28616E+00   0.31060E+00   0.36512E-02   0.60041E+00   0.77486E+00
   0.18700E+03   0.28809E+00   0.31286E+00   0.36648E-02   0.60461E+00   0.77757E+00
   0.18800E+03   0.29001E+00   0.31513E+00   0.36784E-02   0.60882E+00   0.78027E+00
   0.18900E+03   0.29193E+00   0.31738E+00   0.36920E-02   0.61301E+00   0.78295E+00
   0.19000E+03   0.29385E+00   0.31964E+00   0.37056E-02   0.61719E+00   0.78562E+00
   0.19100E+03   0.29576E+00   0.32188E+00   0.37193E-02   0.62137E+00   0.78827E+00
   0.19200E+03   0.29767E+00   0.32413E+00   0.37329E-02   0.62553E+00   0.79090E+00
   0.19300E+03   0.29957E+00   0.32637E+00   0.37465E-02   0.62968E+00   0.79353E+00
   0.19400E+03   0.30147E+00   0.32860E+00   0.37600E-02   0.63382E+00   0.79613E+00
   0.19500E+03   0.30336E+00   0.33082E+00   0.37734E-02   0.63795E+00   0.79872E+00
   0.19600E+03   0.30524E+00   0.33304E+00   0.37867E-02   0.64207E+00   0.80129E+00
   0.19700E+03   0.30712E+00   0.33525E+00   0.37999E-02   0.64617E+00   0.80385E+00
   0.19800E+03   0.30898E+00   0.33745E+00   0.38129E-02   0.65025E+00   0.80638E+00
   0.19900E+03   0.31085E+00   0.33965E+00   0.38257E-02   0.65432E+00   0.80890E+00
   0.20000E+03   0.31270E+00   0.34183E+00   0.38382E-02   0.65837E+00   0.81140E+00
   0.20100E+03   0.31454E+00   0.34400E+00   0.38506E-02   0.66239E+00   0.81388E+00
   0.20200E+03   0.31637E+00   0.34617E+00   0.38626E-02   0.66640E+00   0.81633E+00
   0.20300E+03   0.31819E+00   0.34832E+00   0.38744E-02   0.67038E+00   0.81877E+00
   0.20400E+03   0.32000E+00   0.35046E+00   0.38858E-02   0.67434E+00   0.82118E+00
   0.20500E+03   0.32179E+00   0.35258E+00   0.38969E-02   0.67827E+00   0.82357E+00
   0.20600E+03   0.32357E+00   0.35469E+00   0.39076E-02   0.68218E+00   0.82594E+00
   0.20700E+03   0.32534E+00   0.35679E+00   0.39179E-02   0.68605E+00   0.82828E+00
   0.20800E+03   0.32709E+00   0.35887E+00   0.39279E-02   0.68989E+00   0.83060E+00
   0.20900E+03   0.32883E+00   0.36093E+00   0.39374E-02   0.69370E+00   0.83289E+00
   0.21000E+03   0.33054E+00   0.36298E+00   0.39465E-02   0.69747E+00   0.83515E+00
   0.21100E+03   0.33224E+00   0.36501E+00   0.39551E-02   0.70120E+00   0.83738E+00
   0.21200E+03   0.33392E+00   0.36701E+00   0.39633E-02   0.70489E+00   0.83958E+00
   0.21300E+03   0.33557E+00   0.36900E+00   0.39711E-02   0.70854E+00   0.84175E+00
   0.21400E+03   0.33721E+00   0.37096E+00   0.39784E-02   0.71215E+00   0.84389E+00
   0.21500E+03   0.33882E+00   0.37290E+00   0.39852E-02   0.71570E+00   0.84599E+00
   0.21600E+03   0.34040E+00   0.37482E+00   0.39916E-02   0.71921E+00   0.84806E+00
   0.21700E+03   0.34196E+00   0.37671E+00   0.39976E-02   0.72267E+00   0.85010E+00
   0.21800E+03   0.34349E+00   0.37857E+00   0.40031E-02   0.72607E+00   0.85210E+00
   0.21900E+03   0.34500E+00   0.38041E+00   0.40082E-02   0.72942E+00   0.85406E+00
   0.22000E+03   0.34647E+00   0.38222E+00   0.40129E-02   0.73271E+00   0.85598E+00
   0.22100E+03   0.34791E+00   0.38401E+00   0.40172E-02   0.73594E+00   0.85787E+00
   0.22200E+03   0.34933E+00   0.38576E+00   0.40211E-02   0.73911E+00   0.85971E+00
   0.22300E+03   0.35071E+00   0.38748E+00   0.40247E-02   0.74222E+00   0.86152E+00
   0.22400E+03   0.35206E+00   0.38918E+00   0.40278E-02   0.74527E+00   0.86329E+00
   0.22500E+03   0.35338E+00   0.39084E+00   0.40306E-02   0.74825E+00   0.86501E+00
   0.22600E+03   0.35466E+00   0.39247E+00   0.40331E-02   0.75117E+00   0.86670E+00
   0.22700E+03   0.35591E+00   0.39407E+00   0.40352E-02   0.75402E+00   0.86835E+00
   0.22800E+03   0.35713E+00   0.39564E+00   0.40370E-02   0.75681E+00   0.86995E+00
   0.22900E+03   0.35831E+00   0.39718E+00   0.40385E-02   0.75953E+00   0.87151E+00
   0.23000E+03   0.35946E+00   0.39869E+00   0.40397E-02   0.76219E+00   0.87304E+00
   0.23100E+03   0.36058E+00   0.40016E+00   0.40406E-02   0.76478E+00   0.87452E+00
   0.23200E+03   0.36166E+00   0.40161E+00   0.40412E-02   0.76731E+00   0.87596E+00
   0.23300E+03   0.36271E+00   0.40302E+00   0.40415E-02   0.76977E+00   0.87736E+00
   0.23400E+03   0.36373E+00   0.40440E+00   0.40415E-02   0.77217E+00   0.87873E+00
   0.23500E+03   0.36471E+00   0.40575E+00   0.40412E-02   0.77450E+00   0.88006E+00
   0.23600E+03   0.36566E+00   0.40707E+00   0.40407E-02   0.77677E+00   0.88134E+00
   0.23700E+03   0.36658E+00   0.40836E+00   0.40399E-02   0.77898E+00   0.88260E+00
   0.23800E+03   0.36747E+00   0.40961E+00   0.40388E-02   0.78112E+00   0.88381E+00
   0.23900E+03   0.36833E+00   0.41084E+00   0.40375E-02   0.78321E+00   0.88499E+00
   0.24000E+03   0.36916E+00   0.41204E+00   0.40359E-02   0.78524E+00   0.88614E+00
   0.24100E+03   0.36996E+00   0.41321E+00   0.40340E-02   0.78721E+00   0.88725E+00
   0.24200E+03   0.37074E+00   0.41436E+00   0.40319E-02   0.78913E+00   0.88833E+00
   0.24300E+03   0.37149E+00   0.41547E+00   0.40296E-02   0.79099E+00   0.88938E+00
   0.24400E+03   0.37221E+00   0.41656E+00   0.40270E-02   0.79280E+00   0.89039E+00
   0.24500E+03   0.37291E+00   0.41762E+00   0.40241E-02   0.79455E+00   0.89138E+00
   0.24600E+03   0.37359E+00   0.41865E+00   0.40211E-02   0.79626E+00   0.89233E+00
   0.24700E+03   0.37424E+00   0.41966E+00   0.40178E-02   0.79792E+00   0.89326E+00
   0.24800E+03   0.37488E+00   0.42064E+00   0.40143E-02   0.79953E+00   0.89416E+00
   0.24900E+03   0.37549E+00   0.42160E+00   0.40106E-02   0.80109E+00   0.89504E+00
   0.25000E+03   0.37608E+00   0.42253E+00   0.40067E-02   0.80261E+00   0.89589E+00
   0.25100E+03   0.37665E+00   0.42344E+00   0.40026E-02   0.80409E+00   0.89671E+00
   0.25200E+03   0.37721E+00   0.42432E+00   0.39983E-02   0.80553E+00   0.89751E+00
   0.25300E+03   0.37774E+00   0.42518E+00   0.39939E-02   0.80692E+00   0.89829E+00
   0.25400E+03   0.37826E+00   0.42602E+00   0.39892E-02   0.80827E+00   0.89904E+00
   0.25500E+03   0.37877E+00   0.42684E+00   0.39845E-02   0.80959E+00   0.89977E+00
   0.25600E+03   0.37926E+00   0.42763E+00   0.39795E-02   0.81087E+00   0.90048E+00
   0.25700E+03   0.37974E+00   0.42840E+00   0.39745E-02   0.81211E+00   0.90117E+00
   0.25800E+03   0.38020E+00   0.42915E+00   0.39693E-02   0.81332E+00   0.90184E+00
   0.25900E+03   0.38065E+00   0.42988E+00   0.39640E-02   0.81449E+00   0.90249E+00
   0.26000E+03   0.38109E+00   0.43058E+00   0.39585E-02   0.81563E+00   0.90312E+00
   0.26100E+03   0.38152E+00   0.43127E+00   0.39530E-02   0.81674E+00   0.90374E+00
   0.26200E+03   0.38193E+00   0.43194E+00   0.39473E-02   0.81782E+00   0.90433E+00
   0.26300E+03   0.38234E+00   0.43258E+00   0.39416E-02   0.81886E+00   0.90491E+00
   0.26400E+03   0.38273E+00   0.43321E+00   0.39357E-02   0.81988E+00   0.90547E+00
   0.26500E+03   0.38312E+00   0.43382E+00   0.39298E-02   0.82086E+00   0.90602E+00
   0.26600E+03   0.38349E+00   0.43440E+00   0.39238E-02   0.82182E+00   0.90654E+00
   0.26700E+03   0.38386E+00   0.43497E+00   0.39178E-02   0.82275E+00   0.90706E+00
   0.26800E+03   0.38422E+00   0.43552E+00   0.39117E-02   0.82365E+00   0.90755E+00
   0.26900E+03   0.38457E+00   0.43605E+00   0.39055E-02   0.82453E+00   0.90804E+00
   0.27000E+03   0.38491E+00   0.43657E+00   0.38993E-02   0.82538E+00   0.90850E+00
   0.27100E+03   0.38525E+00   0.43706E+00   0.38930E-02   0.82620E+00   0.90896E+00
   0.27200E+03   0.38558E+00   0.43753E+00   0.38868E-02   0.82700E+00   0.90940E+00
   0.27300E+03   0.38590E+00   0.43799E+00   0.38805E-02   0.82777E+00   0.90982E+00
   0.27400E+03   0.38622E+00   0.43843E+00   0.38742E-02   0.82852E+00   0.91023E+00
   0.27500E+03   0.38653E+00   0.43885E+00   0.38679E-02   0.82925E+00   0.91063E+00
   0.27600E+03   0.38683E+00   0.43926E+00   0.38616E-02   0.82995E+00   0.91101E+00
   0.27700E+03   0.38712E+00   0.43964E+00   0.38553E-02   0.83062E+00   0.91138E+00
   0.27800E+03   0.38741E+00   0.44001E+00   0.38491E-02   0.83127E+00   0.91174E+00
   0.27900E+03   0.38770E+00   0.44036E+00   0.38429E-02   0.83190E+00   0.91209E+00
   0.28000E+03   0.38798E+00   0.44069E+00   0.38367E-02   0.83251E+00   0.91242E+00
   0.28100E+03   0.38825E+00   0.44101E+00   0.38306E-02   0.83309E+00   0.91274E+00
   0.28200E+03   0.38851E+00   0.44131E+00   0.38246E-02   0.83365E+00   0.91304E+00
   0.28300E+03   0.38877E+00   0.44159E+00   0.38187E-02   0.83418E+00   0.91334E+00
   0.28400E+03   0.38903E+00   0.44186E+00   0.38129E-02   0.83470E+00   0.91362E+00
   0.28500E+03   0.38928E+00   0.44210E+00   0.38072E-02   0.83519E+00   0.91389E+00
   0.28600E+03   0.38952E+00   0.44233E+00   0.38017E-02   0.83565E+00   0.91414E+00
   0.28700E+03   0.38976E+00   0.44255E+00   0.37962E-02   0.83610E+00   0.91438E+00
   0.28800E+03   0.38999E+00   0.44274E+00   0.37910E-02   0.83652E+00   0.91461E+00
   0.28900E+03   0.39021E+00   0.44292E+00   0.37859E-02   0.83692E+00   0.91483E+00
   0.29000E+03   0.39043E+00   0.44308E+00   0.37809E-02   0.83729E+00   0.91504E+00
   0.29100E+03   0.39064E+00   0.44323E+00   0.37761E-02   0.83764E+00   0.91523E+00
   0.29200E+03   0.39084E+00   0.44335E+00   0.37716E-02   0.83797E+00   0.91541E+00
   0.29300E+03   0.39104E+00   0.44346E+00   0.37672E-02   0.83827E+00   0.91557E+00
   0.29400E+03   0.39124E+00   0.44355E+00   0.37630E-02   0.83855E+00   0.91573E+00
   0.29500E+03   0.39142E+00   0.44363E+00   0.37590E-02   0.83881E+00   0.91587E+00
   0.29600E+03   0.39160E+00   0.44369E+00   0.37553E-02   0.83904E+00   0.91599E+00
   0.29700E+03   0.39177E+00   0.44373E+00   0.37517E-02   0.83925E+00   0.91611E+00
   0.29800E+03   0.39194E+00   0.44375E+00   0.37484E-02   0.83943E+00   0.91621E+00
   0.29900E+03   0.39210E+00   0.44375E+00   0.37454E-02   0.83959E+00   0.91629E+00
   0.30000E+03   0.39225E+00   0.44374E+00   0.37425E-02   0.83973E+00   0.91637E+00
   0.30100E+03   0.39239E+00   0.44371E+00   0.37399E-02   0.83984E+00   0.91643E+00
   0.30200E+03   0.39252E+00   0.44366E+00   0.37375E-02   0.83992E+00   0.91647E+00
   0.30300E+03   0.39265E+00   0.44360E+00   0.37354E-02   0.83998E+00   0.91651E+00
   0.30400E+03   0.39277E+00   0.44351E+00   0.37335E-02   0.84002E+00   0.91652E+00
   0.30500E+03   0.39288E+00   0.44341E+00   0.37318E-02   0.84002E+00   0.91653E+00
   0.30600E+03   0.39299E+00   0.44329E+00   0.37304E-02   0.84000E+00   0.91652E+00
   0.30700E+03   0.39308E+00   0.44315E+00   0.37292E-02   0.83996E+00   0.91649E+00
   0.30800E+03   0.39317E+00   0.44299E+00   0.37283E-02   0.83989E+00   0.91645E+00
   0.30900E+03   0.39324E+00   0.44282E+00   0.37276E-02   0.83979E+00   0.91640E+00
   0.31000E+03   0.39331E+00   0.44262E+00   0.37271E-02   0.83966E+00   0.91633E+00
   0.31100E+03   0.39337E+00   0.44241E+00   0.37269E-02   0.83951E+00   0.91625E+00
   0.31200E+03   0.39342E+00   0.44218E+00   0.37268E-02   0.83933E+00   0.91615E+00
   0.31300E+03   0.39346E+00   0.44193E+00   0.37270E-02   0.83912E+00   0.91603E+00
   0.31400E+03   0.39349E+00   0.44166E+00   0.37275E-02   0.83888E+00   0.91590E+00
   0.31500E+03   0.39351E+00   0.44138E+00   0.37281E-02   0.83862E+00   0.91576E+00
   0.31600E+03   0.39352E+00   0.44107E+00   0.37290E-02   0.83832E+00   0.91560E+00
   0.31700E+03   0.39352E+00   0.44074E+00   0.37301E-02   0.83800E+00   0.91542E+00
   0.31800E+03   0.39351E+00   0.44040E+00   0.37314E-02   0.83764E+00   0.91523E+00
   0.31900E+03   0.39349E+00   0.44004E+00   0.37329E-02   0.83726E+00   0.91502E+00
   0.32000E+03   0.39346E+00   0.43966E+00   0.37346E-02   0.83685E+00   0.91479E+00
   0.32100E+03   0.39341E+00   0.43925E+00   0.37366E-02   0.83641E+00   0.91455E+00
   0.32200E+03   0.39336E+00   0.43883E+00   0.37387E-02   0.83593E+00   0.91429E+00
   0.32300E+03   0.39329E+00   0.43839E+00   0.37410E-02   0.83543E+00   0.91402E+00
   0.32400E+03   0.39322E+00   0.43794E+00   0.37435E-02   0.83489E+00   0.91373E+00
   0.32500E+03   0.39313E+00   0.43746E+00   0.37463E-02   0.83433E+00   0.91342E+00
   0.32600E+03   0.39302E+00   0.43696E+00   0.37492E-02   0.83373E+00   0.91309E+00
   0.32700E+03   0.39291E+00   0.43644E+00   0.37522E-02   0.83310E+00   0.91274E+00
   0.32800E+03   0.39278E+00   0.43591E+00   0.37555E-02   0.83244E+00   0.91238E+00
   0.32900E+03   0.39264E+00   0.43535E+00   0.37589E-02   0.83175E+00   0.91200E+00
   0.33000E+03   0.39249E+00   0.43477E+00   0.37625E-02   0.83102E+00   0.91160E+00
   0.33100E+03   0.39232E+00   0.43418E+00   0.37663E-02   0.83027E+00   0.91119E+00
   0.33200E+03   0.39214E+00   0.43356E+00   0.37703E-02   0.82947E+00   0.91075E+00
   0.33300E+03   0.39195E+00   0.43293E+00   0.37744E-02   0.82865E+00   0.91030E+00
   0.33400E+03   0.39174E+00   0.43227E+00   0.37786E-02   0.82779E+00   0.90983E+00
   0.33500E+03   0.39152E+00   0.43160E+00   0.37830E-02   0.82690E+00   0.90934E+00
   0.33600E+03   0.39128E+00   0.43091E+00   0.37875E-02   0.82597E+00   0.90883E+00
   0.33700E+03   0.39103E+00   0.43019E+00   0.37922E-02   0.82501E+00   0.90830E+00
   0.33800E+03   0.39076E+00   0.42946E+00   0.37970E-02   0.82402E+00   0.90775E+00
   0.33900E+03   0.39048E+00   0.42870E+00   0.38019E-02   0.82299E+00   0.90719E+00
   0.34000E+03   0.39019E+00   0.42793E+00   0.38070E-02   0.82192E+00   0.90660E+00
   0.34100E+03   0.38988E+00   0.42713E+00   0.38122E-02   0.82082E+00   0.90599E+00
   0.34200E+03   0.38955E+00   0.42632E+00   0.38174E-02   0.81968E+00   0.90536E+00
   0.34300E+03   0.38921E+00   0.42548E+00   0.38228E-02   0.81851E+00   0.90472E+00
   0.34400E+03   0.38885E+00   0.42463E+00   0.38282E-02   0.81730E+00   0.90405E+00
   0.34500E+03   0.38847E+00   0.42375E+00   0.38337E-02   0.81605E+00   0.90336E+00
   0.34600E+03   0.38808E+00   0.42285E+00   0.38393E-02   0.81477E+00   0.90265E+00
   0.34700E+03   0.38767E+00   0.42193E+00   0.38450E-02   0.81345E+00   0.90191E+00
   0.34800E+03   0.38724E+00   0.42100E+00   0.38507E-02   0.81209E+00   0.90116E+00
   0.34900E+03   0.38680E+00   0.42004E+00   0.38564E-02   0.81069E+00   0.90038E+00
   0.35000E+03   0.38634E+00   0.41906E+00   0.38622E-02   0.80926E+00   0.89959E+00
   0.35100E+03   0.38586E+00   0.41806E+00   0.38681E-02   0.80778E+00   0.89877E+00
   0.35200E+03   0.38536E+00   0.41703E+00   0.38739E-02   0.80627E+00   0.89792E+00
   0.35300E+03   0.38485E+00   0.41599E+00   0.38798E-02   0.80472E+00   0.89706E+00
   0.35400E+03   0.38431E+00   0.41492E+00   0.38856E-02   0.80312E+00   0.89617E+00
   0.35500E+03   0.38376E+00   0.41384E+00   0.38915E-02   0.80149E+00   0.89526E+00
   0.35600E+03   0.38319E+00   0.41273E+00   0.38973E-02   0.79982E+00   0.89432E+00
   0.35700E+03   0.38260E+00   0.41160E+00   0.39031E-02   0.79810E+00   0.89337E+00
   0.35800E+03   0.38199E+00   0.41045E+00   0.39089E-02   0.79635E+00   0.89238E+00
   0.35900E+03   0.38136E+00   0.40928E+00   0.39146E-02   0.79455E+00   0.89137E+00
   0.36000E+03   0.38071E+00   0.40808E+00   0.39203E-02   0.79271E+00   0.89034E+00
   0.36100E+03   0.38003E+00   0.40687E+00   0.39259E-02   0.79083E+00   0.88929E+00
   0.36200E+03   0.37934E+00   0.40563E+00   0.39314E-02   0.78891E+00   0.88820E+00
   0.36300E+03   0.37863E+00   0.40437E+00   0.39369E-02   0.78694E+00   0.88710E+00
   0.36400E+03   0.37790E+00   0.40309E+00   0.39422E-02   0.78493E+00   0.88596E+00
   0.36500E+03   0.37715E+00   0.40179E+00   0.39475E-02   0.78288E+00   0.88480E+00
   0.36600E+03   0.37637E+00   0.40046E+00   0.39526E-02   0.78078E+00   0.88362E+00
   0.36700E+03   0.37557E+00   0.39911E+00   0.39577E-02   0.77864E+00   0.88241E+00
   0.36800E+03   0.37476E+00   0.39774E+00   0.39626E-02   0.77646E+00   0.88117E+00
   0.36900E+03   0.37391E+00   0.39635E+00   0.39674E-02   0.77423E+00   0.87990E+00
   0.37000E+03   0.37305E+00   0.39493E+00   0.39720E-02   0.77196E+00   0.87861E+00
   0.37100E+03   0.37217E+00   0.39349E+00   0.39764E-02   0.76964E+00   0.87729E+00
   0.37200E+03   0.37126E+00   0.39203E+00   0.39808E-02   0.76727E+00   0.87594E+00
   0.37300E+03   0.37033E+00   0.39055E+00   0.39849E-02   0.76486E+00   0.87456E+00
   0.37400E+03   0.36937E+00   0.38905E+00   0.39889E-02   0.76241E+00   0.87316E+00
   0.37500E+03   0.36839E+00   0.38752E+00   0.39926E-02   0.75991E+00   0.87173E+00
   0.37600E+03   0.36739E+00   0.38597E+00   0.39962E-02   0.75736E+00   0.87026E+00
   0.37700E+03   0.36637E+00   0.38440E+00   0.39996E-02   0.75476E+00   0.86877E+00
   0.37800E+03   0.36532E+00   0.38280E+00   0.40028E-02   0.75212E+00   0.86725E+00
   0.37900E+03   0.36424E+00   0.38119E+00   0.40057E-02   0.74943E+00   0.86570E+00
   0.38000E+03   0.36314E+00   0.37955E+00   0.40085E-02   0.74670E+00   0.86412E+00
   0.38100E+03   0.36202E+00   0.37788E+00   0.40110E-02   0.74392E+00   0.86251E+00
   0.38200E+03   0.36087E+00   0.37620E+00   0.40133E-02   0.74109E+00   0.86086E+00
   0.38300E+03   0.35970E+00   0.37449E+00   0.40154E-02   0.73821E+00   0.85919E+00
   0.38400E+03   0.35850E+00   0.37276E+00   0.40172E-02   0.73528E+00   0.85749E+00
   0.38500E+03   0.35728E+00   0.37101E+00   0.40187E-02   0.73231E+00   0.85575E+00
   0.38600E+03   0.35603E+00   0.36924E+00   0.40200E-02   0.72929E+00   0.85398E+00
   0.38700E+03   0.35476E+00   0.36744E+00   0.40211E-02   0.72622E+00   0.85219E+00
   0.38800E+03   0.35346E+00   0.36562E+00   0.40219E-02   0.72310E+00   0.85035E+00
   0.38900E+03   0.35213E+00   0.36378E+00   0.40224E-02   0.71993E+00   0.84849E+00
   0.39000E+03   0.35078E+00   0.36192E+00   0.40226E-02   0.71672E+00   0.84659E+00
   0.39100E+03   0.34940E+00   0.36003E+00   0.40226E-02   0.71345E+00   0.84466E+00
   0.39200E+03   0.34799E+00   0.35813E+00   0.40223E-02   0.71014E+00   0.84270E+00
   0.39300E+03   0.34656E+00   0.35619E+00   0.40217E-02   0.70678E+00   0.84070E+00
   0.39400E+03   0.34510E+00   0.35424E+00   0.40208E-02   0.70336E+00   0.83867E+00
   0.39500E+03   0.34361E+00   0.35227E+00   0.40196E-02   0.69990E+00   0.83660E+00
   0.39600E+03   0.34210E+00   0.35027E+00   0.40181E-02   0.69639E+00   0.83450E+00
   0.39700E+03   0.34056E+00   0.34825E+00   0.40163E-02   0.69283E+00   0.83236E+00
   0.39800E+03   0.33899E+00   0.34621E+00   0.40141E-02   0.68922E+00   0.83019E+00
   0.39900E+03   0.33740E+00   0.34415E+00   0.40117E-02   0.68556E+00   0.82798E+00
   0.40000E+03   0.33577E+00   0.34206E+00   0.40089E-02   0.68184E+00   0.82574E+00
   0.40100E+03   0.33412E+00   0.33995E+00   0.40058E-02   0.67808E+00   0.82346E+00
   0.40200E+03   0.33244E+00   0.33782E+00   0.40023E-02   0.67427E+00   0.82114E+00
   0.40300E+03   0.33074E+00   0.33567E+00   0.39985E-02   0.67040E+00   0.81878E+00
   0.40400E+03   0.32900E+00   0.33350E+00   0.39943E-02   0.66649E+00   0.81639E+00
   0.40500E+03   0.32724E+00   0.33130E+00   0.39897E-02   0.66252E+00   0.81396E+00
   0.40600E+03   0.32544E+00   0.32908E+00   0.39848E-02   0.65851E+00   0.81148E+00
   0.40700E+03   0.32362E+00   0.32684E+00   0.39795E-02   0.65444E+00   0.80897E+00
   0.40800E+03   0.32177E+00   0.32458E+00   0.39738E-02   0.65032E+00   0.80642E+00
   0.40900E+03   0.31989E+00   0.32229E+00   0.39677E-02   0.64615E+00   0.80383E+00
   0.41000E+03   0.31798E+00   0.31998E+00   0.39611E-02   0.64193E+00   0.80120E+00
   0.41100E+03   0.31604E+00   0.31765E+00   0.39542E-02   0.63765E+00   0.79853E+00
   0.41200E+03   0.31408E+00   0.31530E+00   0.39468E-02   0.63332E+00   0.79582E+00
   0.41300E+03   0.31208E+00   0.31292E+00   0.39390E-02   0.62894E+00   0.79306E+00
   0.41400E+03   0.31005E+00   0.31053E+00   0.39308E-02   0.62451E+00   0.79026E+00
   0.41500E+03   0.30800E+00   0.30811E+00   0.39221E-02   0.62003E+00   0.78742E+00
   0.41600E+03   0.30591E+00   0.30567E+00   0.39130E-02   0.61549E+00   0.78453E+00
   0.41700E+03   0.30379E+00   0.30320E+00   0.39034E-02   0.61090E+00   0.78160E+00
   0.41800E+03   0.30165E+00   0.30072E+00   0.38933E-02   0.60626E+00   0.77863E+00
   0.41900E+03   0.29947E+00   0.29821E+00   0.38828E-02   0.60156E+00   0.77561E+00
   0.42000E+03   0.29726E+00   0.29568E+00   0.38718E-02   0.59682E+00   0.77254E+00
   0.42100E+03   0.29503E+00   0.29313E+00   0.38603E-02   0.59202E+00   0.76943E+00
   0.42200E+03   0.29276E+00   0.29056E+00   0.38484E-02   0.58716E+00   0.76627E+00
   0.42300E+03   0.29046E+00   0.28796E+00   0.38360E-02   0.58226E+00   0.76306E+00
   0.42400E+03   0.28813E+00   0.28535E+00   0.38231E-02   0.57730E+00   0.75980E+00
   0.42500E+03   0.28577E+00   0.28271E+00   0.38098E-02   0.57229E+00   0.75650E+00
   0.42600E+03   0.28337E+00   0.28005E+00   0.37960E-02   0.56722E+00   0.75314E+00
   0.42700E+03   0.28095E+00   0.27737E+00   0.37817E-02   0.56210E+00   0.74974E+00
   0.42800E+03   0.27850E+00   0.27467E+00   0.37671E-02   0.55694E+00   0.74628E+00
   0.42900E+03   0.27601E+00   0.27195E+00   0.37519E-02   0.55171E+00   0.74277E+00
   0.43000E+03   0.27349E+00   0.26921E+00   0.37364E-02   0.54644E+00   0.73922E+00
   0.43100E+03   0.27095E+00   0.26645E+00   0.37205E-02   0.54112E+00   0.73561E+00
   0.43200E+03   0.26837E+00   0.26367E+00   0.37041E-02   0.53574E+00   0.73195E+00
   0.43300E+03   0.26576E+00   0.26087E+00   0.36874E-02   0.53032E+00   0.72823E+00
   0.43400E+03   0.26312E+00   0.25806E+00   0.36703E-02   0.52484E+00   0.72446E+00
   0.43500E+03   0.26045E+00   0.25522E+00   0.36528E-02   0.51932E+00   0.72064E+00
   0.43600E+03   0.25774E+00   0.25236E+00   0.36350E-02   0.51374E+00   0.71676E+00
   0.43700E+03   0.25501E+00   0.24949E+00   0.36169E-02   0.50812E+00   0.71283E+00
   0.43800E+03   0.25225E+00   0.24660E+00   0.35985E-02   0.50245E+00   0.70884E+00
   0.43900E+03   0.24946E+00   0.24370E+00   0.35797E-02   0.49673E+00   0.70479E+00
   0.44000E+03   0.24663E+00   0.24077E+00   0.35607E-02   0.49097E+00   0.70069E+00
   0.44100E+03   0.24378E+00   0.23784E+00   0.35413E-02   0.48516E+00   0.69654E+00
   0.44200E+03   0.24090E+00   0.23488E+00   0.35217E-02   0.47931E+00   0.69232E+00
   0.44300E+03   0.23799E+00   0.23192E+00   0.35019E-02   0.47341E+00   0.68805E+00
   0.44400E+03   0.23506E+00   0.22894E+00   0.34818E-02   0.46747E+00   0.68372E+00
   0.44500E+03   0.23209E+00   0.22594E+00   0.34614E-02   0.46150E+00   0.67934E+00
   0.44600E+03   0.22910E+00   0.22294E+00   0.34408E-02   0.45548E+00   0.67489E+00
   0.44700E+03   0.22609E+00   0.21992E+00   0.34200E-02   0.44942E+00   0.67039E+00
   0.44800E+03   0.22304E+00   0.21689E+00   0.33990E-02   0.44333E+00   0.66583E+00
   0.44900E+03   0.21998E+00   0.21385E+00   0.33778E-02   0.43721E+00   0.66121E+00
   0.45000E+03   0.21689E+00   0.21080E+00   0.33564E-02   0.43105E+00   0.65654E+00
   0.45100E+03   0.21378E+00   0.20775E+00   0.33347E-02   0.42486E+00   0.65181E+00
   0.45200E+03   0.21064E+00   0.20469E+00   0.33129E-02   0.41864E+00   0.64702E+00
   0.45300E+03   0.20749E+00   0.20162E+00   0.32909E-02   0.41240E+00   0.64218E+00
   0.45400E+03   0.20432E+00   0.19854E+00   0.32687E-02   0.40613E+00   0.63728E+00
   0.45500E+03   0.20113E+00   0.19547E+00   0.32464E-02   0.39984E+00   0.63233E+00
   0.45600E+03   0.19793E+00   0.19239E+00   0.32239E-02   0.39354E+00   0.62732E+00
   0.45700E+03   0.19471E+00   0.18930E+00   0.32012E-02   0.38721E+00   0.62227E+00
   0.45800E+03   0.19148E+00   0.18622E+00   0.31784E-02   0.38088E+00   0.61716E+00
   0.45900E+03   0.18824E+00   0.18314E+00   0.31554E-02   0.37454E+00   0.61200E+00
   0.46000E+03   0.18499E+00   0.18007E+00   0.31323E-02   0.36819E+00   0.60679E+00
   0.46100E+03   0.18174E+00   0.17699E+00   0.31091E-02   0.36184E+00   0.60153E+00
   0.46200E+03   0.17848E+00   0.17393E+00   0.30858E-02   0.35549E+00   0.59623E+00
   0.46300E+03   0.17522E+00   0.17087E+00   0.30624E-02   0.34915E+00   0.59089E+00
   0.46400E+03   0.17196E+00   0.16782E+00   0.30389E-02   0.34281E+00   0.58550E+00
   0.46500E+03   0.16870E+00   0.16478E+00   0.30153E-02   0.33650E+00   0.58008E+00
   0.46600E+03   0.16545E+00   0.16175E+00   0.29916E-02   0.33020E+00   0.57463E+00
   0.46700E+03   0.16221E+00   0.15874E+00   0.29679E-02   0.32392E+00   0.56914E+00
   0.46800E+03   0.15898E+00   0.15575E+00   0.29441E-02   0.31768E+00   0.56363E+00
   0.46900E+03   0.15577E+00   0.15277E+00   0.29202E-02   0.31146E+00   0.55809E+00
   0.47000E+03   0.15257E+00   0.14982E+00   0.28964E-02   0.30529E+00   0.55253E+00
   0.47100E+03   0.14940E+00   0.14689E+00   0.28725E-02   0.29916E+00   0.54696E+00
   0.47200E+03   0.14625E+00   0.14399E+00   0.28486E-02   0.29309E+00   0.54137E+00
   0.47300E+03   0.14313E+00   0.14111E+00   0.28246E-02   0.28706E+00   0.53578E+00
   0.47400E+03   0.14004E+00   0.13826E+00   0.28007E-02   0.28111E+00   0.53019E+00
   0.47500E+03   0.13699E+00   0.13545E+00   0.27767E-02   0.27521E+00   0.52461E+00
   0.47600E+03   0.13397E+00   0.13268E+00   0.27528E-02   0.26940E+00   0.51904E+00
   0.47700E+03   0.13099E+00   0.12994E+00   0.27288E-02   0.26366E+00   0.51348E+00
   0.47800E+03   0.12807E+00   0.12724E+00   0.27048E-02   0.25801E+00   0.50794E+00
   0.47900E+03   0.12518E+00   0.12458E+00   0.26808E-02   0.25245E+00   0.50244E+00
   0.48000E+03   0.12236E+00   0.12197E+00   0.26569E-02   0.24698E+00   0.49697E+00
   0.48100E+03   0.11958E+00   0.11941E+00   0.26330E-02   0.24162E+00   0.49155E+00
   0.48200E+03   0.11686E+00   0.11690E+00   0.26090E-02   0.23637E+00   0.48618E+00
   0.48300E+03   0.11421E+00   0.11443E+00   0.25852E-02   0.23123E+00   0.48086E+00
   0.48400E+03   0.11162E+00   0.11203E+00   0.25613E-02   0.22621E+00   0.47561E+00
   0.48500E+03   0.10909E+00   0.10968E+00   0.25376E-02   0.22131E+00   0.47043E+00
   0.48600E+03   0.10663E+00   0.10739E+00   0.25139E-02   0.21653E+00   0.46533E+00
   0.48700E+03   0.10424E+00   0.10516E+00   0.24903E-02   0.21189E+00   0.46032E+00
   0.48800E+03   0.10193E+00   0.10299E+00   0.24668E-02   0.20738E+00   0.45539E+00
   0.48900E+03   0.99683E-01   0.10088E+00   0.24435E-02   0.20301E+00   0.45057E+00
   0.49000E+03   0.97514E-01   0.98844E-01   0.24204E-02   0.19878E+00   0.44585E+00
   0.49100E+03   0.95420E-01   0.96869E-01   0.23975E-02   0.19469E+00   0.44123E+00
   0.49200E+03   0.93402E-01   0.94962E-01   0.23749E-02   0.19074E+00   0.43674E+00
   0.49300E+03   0.91461E-01   0.93121E-01   0.23525E-02   0.18693E+00   0.43236E+00
   0.49400E+03   0.89596E-01   0.91348E-01   0.23305E-02   0.18327E+00   0.42811E+00
   0.49500E+03   0.87807E-01   0.89642E-01   0.23089E-02   0.17976E+00   0.42398E+00
   0.49600E+03   0.86093E-01   0.88004E-01   0.22877E-02   0.17638E+00   0.41998E+00
   0.49700E+03   0.84454E-01   0.86433E-01   0.22670E-02   0.17315E+00   0.41612E+00
   0.49800E+03   0.82888E-01   0.84928E-01   0.22468E-02   0.17006E+00   0.41239E+00
   0.49900E+03   0.81394E-01   0.83490E-01   0.22271E-02   0.16711E+00   0.40879E+00
   0.50000E+03   0.79971E-01   0.82116E-01   0.22081E-02   0.16429E+00   0.40533E+00
   0.50100E+03   0.78617E-01   0.80805E-01   0.21896E-02   0.16161E+00   0.40201E+00
   0.50200E+03   0.77329E-01   0.79557E-01   0.21719E-02   0.15906E+00   0.39882E+00
   0.50300E+03   0.76107E-01   0.78370E-01   0.21549E-02   0.15663E+00   0.39577E+00
   0.50400E+03   0.74947E-01   0.77242E-01   0.21386E-02   0.15433E+00   0.39285E+00
   0.50500E+03   0.73848E-01   0.76172E-01   0.21230E-02   0.15214E+00   0.39005E+00
   0.50600E+03   0.72807E-01   0.75158E-01   0.21082E-02   0.15007E+00   0.38739E+00
   0.50700E+03   0.71823E-01   0.74198E-01   0.20943E-02   0.14811E+00   0.38486E+00
   0.50800E+03   0.70892E-01   0.73290E-01   0.20810E-02   0.14626E+00   0.38244E+00
   0.50900E+03   0.70014E-01   0.72433E-01   0.20686E-02   0.14452E+00   0.38015E+00
   0.51000E+03   0.69184E-01   0.71625E-01   0.20570E-02   0.14287E+00   0.37798E+00
   0.51100E+03   0.68402E-01   0.70863E-01   0.20461E-02   0.14131E+00   0.37591E+00
   0.51200E+03   0.67665E-01   0.70146E-01   0.20359E-02   0.13985E+00   0.37396E+00
   0.51300E+03   0.66971E-01   0.69473E-01   0.20265E-02   0.13847E+00   0.37212E+00
   0.51400E+03   0.66318E-01   0.68841E-01   0.20178E-02   0.13718E+00   0.37037E+00
   0.51500E+03   0.65704E-01   0.68248E-01   0.20098E-02   0.13596E+00   0.36873E+00
   0.51600E+03   0.65127E-01   0.67694E-01   0.20025E-02   0.13482E+00   0.36718E+00
   0.51700E+03   0.64586E-01   0.67175E-01   0.19957E-02   0.13376E+00   0.36573E+00
   0.51800E+03   0.64078E-01   0.66691E-01   0.19896E-02   0.13276E+00   0.36436E+00
   0.51900E+03   0.63602E-01   0.66240E-01   0.19839E-02   0.13183E+00   0.36308E+00
   0.52000E+03   0.63157E-01   0.65821E-01   0.19789E-02   0.13096E+00   0.36188E+00
   0.52100E+03   0.62741E-01   0.65431E-01   0.19743E-02   0.13015E+00   0.36076E+00
   0.52200E+03   0.62353E-01   0.65071E-01   0.19701E-02   0.12939E+00   0.35971E+00
   0.52300E+03   0.61991E-01   0.64737E-01   0.19664E-02   0.12869E+00   0.35874E+00
   0.52400E+03   0.61654E-01   0.64430E-01   0.19630E-02   0.12805E+00   0.35784E+00
   0.52500E+03   0.61342E-01   0.64148E-01   0.19601E-02   0.12745E+00   0.35700E+00
   0.52600E+03   0.61053E-01   0.63890E-01   0.19574E-02   0.12690E+00   0.35623E+00
   0.52700E+03   0.60785E-01   0.63654E-01   0.19551E-02   0.12639E+00   0.35552E+00
   0.52800E+03   0.60539E-01   0.63440E-01   0.19530E-02   0.12593E+00   0.35487E+00
   0.52900E+03   0.60314E-01   0.63248E-01   0.19512E-02   0.12551E+00   0.35428E+00
   0.53000E+03   0.60108E-01   0.63075E-01   0.19497E-02   0.12513E+00   0.35374E+00
   0.53100E+03   0.59920E-01   0.62922E-01   0.19483E-02   0.12479E+00   0.35326E+00
   0.53200E+03   0.59751E-01   0.62788E-01   0.19472E-02   0.12449E+00   0.35283E+00
   0.53300E+03   0.59599E-01   0.62671E-01   0.19463E-02   0.12422E+00   0.35244E+00
   0.53400E+03   0.59464E-01   0.62572E-01   0.19455E-02   0.12398E+00   0.35211E+00
   0.53500E+03   0.59345E-01   0.62489E-01   0.19450E-02   0.12378E+00   0.35182E+00
   0.53600E+03   0.59242E-01   0.62422E-01   0.19445E-02   0.12361E+00   0.35158E+00
   0.53700E+03   0.59154E-01   0.62371E-01   0.19443E-02   0.12347E+00   0.35138E+00
   0.53800E+03   0.59081E-01   0.62335E-01   0.19441E-02   0.12336E+00   0.35123E+00
   0.53900E+03   0.59021E-01   0.62314E-01   0.19442E-02   0.12328E+00   0.35111E+00
   0.54000E+03   0.58976E-01   0.62307E-01   0.19443E-02   0.12323E+00   0.35104E+00
   0.54100E+03   0.58944E-01   0.62314E-01   0.19445E-02   0.12320E+00   0.35100E+00
   0.54200E+03   0.58925E-01   0.62335E-01   0.19449E-02   0.12320E+00   0.35101E+00
   0.54300E+03   0.58919E-01   0.62368E-01   0.19454E-02   0.12323E+00   0.35105E+00
   0.54400E+03   0.58925E-01   0.62415E-01   0.19459E-02   0.12329E+00   0.35112E+00
   0.54500E+03   0.58943E-01   0.62474E-01   0.19466E-02   0.12336E+00   0.35123E+00
   0.54600E+03   0.58972E-01   0.62546E-01   0.19473E-02   0.12346E+00   0.35138E+00
   0.54700E+03   0.59013E-01   0.62629E-01   0.19481E-02   0.12359E+00   0.35155E+00
   0.54800E+03   0.59064E-01   0.62724E-01   0.19490E-02   0.12374E+00   0.35176E+00
   0.54900E+03   0.59127E-01   0.62831E-01   0.19499E-02   0.12391E+00   0.35200E+00
   0.55000E+03   0.59199E-01   0.62949E-01   0.19509E-02   0.12410E+00   0.35228E+00
   0.55100E+03   0.59282E-01   0.63077E-01   0.19520E-02   0.12431E+00   0.35258E+00
   0.55200E+03   0.59375E-01   0.63217E-01   0.19531E-02   0.12455E+00   0.35291E+00
   0.55300E+03   0.59477E-01   0.63367E-01   0.19542E-02   0.12480E+00   0.35327E+00
   0.55400E+03   0.59589E-01   0.63528E-01   0.19554E-02   0.12507E+00   0.35366E+00
   0.55500E+03   0.59710E-01   0.63698E-01   0.19566E-02   0.12536E+00   0.35407E+00
   0.55600E+03   0.59839E-01   0.63879E-01   0.19579E-02   0.12568E+00   0.35451E+00
   0.55700E+03   0.59977E-01   0.64069E-01   0.19591E-02   0.12601E+00   0.35497E+00
   0.55800E+03   0.60124E-01   0.64268E-01   0.19604E-02   0.12635E+00   0.35546E+00
   0.55900E+03   0.60279E-01   0.64477E-01   0.19616E-02   0.12672E+00   0.35597E+00
   0.56000E+03   0.60441E-01   0.64695E-01   0.19629E-02   0.12710E+00   0.35651E+00
   0.56100E+03   0.60611E-01   0.64921E-01   0.19641E-02   0.12750E+00   0.35707E+00
   0.56200E+03   0.60788E-01   0.65156E-01   0.19654E-02   0.12791E+00   0.35765E+00
   0.56300E+03   0.60973E-01   0.65400E-01   0.19666E-02   0.12834E+00   0.35824E+00
   0.56400E+03   0.61164E-01   0.65651E-01   0.19677E-02   0.12878E+00   0.35886E+00
   0.56500E+03   0.61362E-01   0.65911E-01   0.19688E-02   0.12924E+00   0.35950E+00
   0.56600E+03   0.61567E-01   0.66178E-01   0.19699E-02   0.12971E+00   0.36016E+00
   0.56700E+03   0.61777E-01   0.66453E-01   0.19709E-02   0.13020E+00   0.36083E+00
   0.56800E+03   0.61994E-01   0.66735E-01   0.19718E-02   0.13070E+00   0.36153E+00
   0.56900E+03   0.62216E-01   0.67025E-01   0.19727E-02   0.13121E+00   0.36223E+00
   0.57000E+03   0.62444E-01   0.67321E-01   0.19734E-02   0.13174E+00   0.36296E+00
   0.57100E+03   0.62677E-01   0.67623E-01   0.19740E-02   0.13227E+00   0.36369E+00
   0.57200E+03   0.62915E-01   0.67932E-01   0.19745E-02   0.13282E+00   0.36445E+00
   0.57300E+03   0.63158E-01   0.68247E-01   0.19748E-02   0.13338E+00   0.36521E+00
   0.57400E+03   0.63406E-01   0.68568E-01   0.19750E-02   0.13395E+00   0.36599E+00
   0.57500E+03   0.63658E-01   0.68894E-01   0.19750E-02   0.13453E+00   0.36678E+00
   0.57600E+03   0.63914E-01   0.69226E-01   0.19748E-02   0.13512E+00   0.36758E+00
   0.57700E+03   0.64175E-01   0.69562E-01   0.19745E-02   0.13571E+00   0.36839E+00
   0.57800E+03   0.64440E-01   0.69904E-01   0.19739E-02   0.13632E+00   0.36921E+00
   0.57900E+03   0.64709E-01   0.70250E-01   0.19731E-02   0.13693E+00   0.37004E+00
   0.58000E+03   0.64981E-01   0.70600E-01   0.19721E-02   0.13755E+00   0.37088E+00
   0.58100E+03   0.65257E-01   0.70955E-01   0.19708E-02   0.13818E+00   0.37173E+00
   0.58200E+03   0.65536E-01   0.71313E-01   0.19692E-02   0.13882E+00   0.37258E+00
   0.58300E+03   0.65819E-01   0.71675E-01   0.19674E-02   0.13946E+00   0.37345E+00
   0.58400E+03   0.66105E-01   0.72040E-01   0.19653E-02   0.14011E+00   0.37431E+00
   0.58500E+03   0.66394E-01   0.72408E-01   0.19630E-02   0.14077E+00   0.37519E+00
   0.58600E+03   0.66686E-01   0.72779E-01   0.19603E-02   0.14143E+00   0.37607E+00
   0.58700E+03   0.66981E-01   0.73153E-01   0.19573E-02   0.14209E+00   0.37695E+00
   0.58800E+03   0.67278E-01   0.73529E-01   0.19541E-02   0.14276E+00   0.37784E+00
   0.58900E+03   0.67578E-01   0.73907E-01   0.19506E-02   0.14344E+00   0.37873E+00
   0.59000E+03   0.67881E-01   0.74287E-01   0.19468E-02   0.14412E+00   0.37963E+00
   0.59100E+03   0.68186E-01   0.74669E-01   0.19427E-02   0.14480E+00   0.38052E+00
   0.59200E+03   0.68494E-01   0.75053E-01   0.19384E-02   0.14549E+00   0.38143E+00
   0.59300E+03   0.68804E-01   0.75438E-01   0.19338E-02   0.14618E+00   0.38233E+00
   0.59400E+03   0.69116E-01   0.75824E-01   0.19290E-02   0.14687E+00   0.38323E+00
   0.59500E+03   0.69430E-01   0.76211E-01   0.19239E-02   0.14756E+00   0.38414E+00
   0.59600E+03   0.69746E-01   0.76599E-01   0.19187E-02   0.14826E+00   0.38505E+00
   0.59700E+03   0.70063E-01   0.76988E-01   0.19133E-02   0.14896E+00   0.38596E+00
   0.59800E+03   0.70383E-01   0.77377E-01   0.19077E-02   0.14967E+00   0.38687E+00
   0.59900E+03   0.70704E-01   0.77767E-01   0.19020E-02   0.15037E+00   0.38778E+00
   0.60000E+03   0.71027E-01   0.78156E-01   0.18962E-02   0.15108E+00   0.38869E+00
   0.60100E+03   0.71351E-01   0.78546E-01   0.18903E-02   0.15179E+00   0.38960E+00
   0.60200E+03   0.71677E-01   0.78936E-01   0.18843E-02   0.15250E+00   0.39051E+00
   0.60300E+03   0.72004E-01   0.79325E-01   0.18784E-02   0.15321E+00   0.39142E+00
   0.60400E+03   0.72332E-01   0.79714E-01   0.18724E-02   0.15392E+00   0.39232E+00
   0.60500E+03   0.72661E-01   0.80103E-01   0.18665E-02   0.15463E+00   0.39323E+00
   0.60600E+03   0.72991E-01   0.80491E-01   0.18607E-02   0.15534E+00   0.39414E+00
   0.60700E+03   0.73322E-01   0.80879E-01   0.18550E-02   0.15606E+00   0.39504E+00
   0.60800E+03   0.73653E-01   0.81266E-01   0.18494E-02   0.15677E+00   0.39594E+00
   0.60900E+03   0.73986E-01   0.81651E-01   0.18440E-02   0.15748E+00   0.39684E+00
   0.61000E+03   0.74318E-01   0.82036E-01   0.18389E-02   0.15819E+00   0.39774E+00
   0.61100E+03   0.74652E-01   0.82419E-01   0.18339E-02   0.15891E+00   0.39863E+00
   0.61200E+03   0.74985E-01   0.82802E-01   0.18293E-02   0.15962E+00   0.39952E+00
   0.61300E+03   0.75319E-01   0.83183E-01   0.18250E-02   0.16033E+00   0.40041E+00
   0.61400E+03   0.75654E-01   0.83562E-01   0.18210E-02   0.16104E+00   0.40129E+00
   0.61500E+03   0.75988E-01   0.83940E-01   0.18174E-02   0.16175E+00   0.40218E+00
   0.61600E+03   0.76322E-01   0.84316E-01   0.18143E-02   0.16245E+00   0.40305E+00
   0.61700E+03   0.76656E-01   0.84691E-01   0.18116E-02   0.16316E+00   0.40393E+00
   0.61800E+03   0.76990E-01   0.85064E-01   0.18093E-02   0.16386E+00   0.40480E+00
   0.61900E+03   0.77324E-01   0.85435E-01   0.18076E-02   0.16457E+00   0.40567E+00
   0.62000E+03   0.77657E-01   0.85803E-01   0.18064E-02   0.16527E+00   0.40653E+00
   0.62100E+03   0.77990E-01   0.86170E-01   0.18058E-02   0.16597E+00   0.40739E+00
   0.62200E+03   0.78322E-01   0.86534E-01   0.18058E-02   0.16666E+00   0.40824E+00
   0.62300E+03   0.78653E-01   0.86896E-01   0.18065E-02   0.16736E+00   0.40909E+00
   0.62400E+03   0.78984E-01   0.87256E-01   0.18078E-02   0.16805E+00   0.40994E+00
   0.62500E+03   0.79313E-01   0.87613E-01   0.18097E-02   0.16874E+00   0.41077E+00
   0.62600E+03   0.79642E-01   0.87967E-01   0.18124E-02   0.16942E+00   0.41161E+00
   0.62700E+03   0.79970E-01   0.88319E-01   0.18159E-02   0.17010E+00   0.41244E+00
   0.62800E+03   0.80296E-01   0.88667E-01   0.18201E-02   0.17078E+00   0.41326E+00
   0.62900E+03   0.80621E-01   0.89013E-01   0.18251E-02   0.17146E+00   0.41408E+00
   0.63000E+03   0.80945E-01   0.89356E-01   0.18309E-02   0.17213E+00   0.41489E+00
   0.63100E+03   0.81268E-01   0.89695E-01   0.18375E-02   0.17280E+00   0.41569E+00
   0.63200E+03   0.81588E-01   0.90032E-01   0.18450E-02   0.17346E+00   0.41649E+00
   0.63300E+03   0.81908E-01   0.90364E-01   0.18533E-02   0.17413E+00   0.41728E+00
   0.63400E+03   0.82225E-01   0.90694E-01   0.18625E-02   0.17478E+00   0.41807E+00
   0.63500E+03   0.82541E-01   0.91020E-01   0.18726E-02   0.17543E+00   0.41885E+00
   0.63600E+03   0.82854E-01   0.91343E-01   0.18836E-02   0.17608E+00   0.41962E+00
   0.63700E+03   0.83166E-01   0.91662E-01   0.18955E-02   0.17672E+00   0.42038E+00
   0.63800E+03   0.83475E-01   0.91977E-01   0.19082E-02   0.17736E+00   0.42114E+00
   0.63900E+03   0.83783E-01   0.92289E-01   0.19219E-02   0.17799E+00   0.42189E+00
   0.64000E+03   0.84087E-01   0.92597E-01   0.19364E-02   0.17862E+00   0.42264E+00
   0.64100E+03   0.84390E-01   0.92902E-01   0.19517E-02   0.17924E+00   0.42337E+00
   0.64200E+03   0.84690E-01   0.93202E-01   0.19680E-02   0.17986E+00   0.42410E+00
   0.64300E+03   0.84987E-01   0.93499E-01   0.19850E-02   0.18047E+00   0.42482E+00
   0.64400E+03   0.85281E-01   0.93792E-01   0.20028E-02   0.18108E+00   0.42553E+00
   0.64500E+03   0.85573E-01   0.94080E-01   0.20213E-02   0.18167E+00   0.42623E+00
   0.64600E+03   0.85862E-01   0.94366E-01   0.20405E-02   0.18227E+00   0.42693E+00
   0.64700E+03   0.86147E-01   0.94647E-01   0.20604E-02   0.18285E+00   0.42761E+00
   0.64800E+03   0.86429E-01   0.94924E-01   0.20809E-02   0.18343E+00   0.42829E+00
   0.64900E+03   0.86708E-01   0.95197E-01   0.21019E-02   0.18401E+00   0.42896E+00
   0.65000E+03   0.86983E-01   0.95467E-01   0.21234E-02   0.18457E+00   0.42962E+00
   0.65100E+03   0.87255E-01   0.95733E-01   0.21453E-02   0.18513E+00   0.43027E+00
   0.65200E+03   0.87522E-01   0.95994E-01   0.21676E-02   0.18568E+00   0.43091E+00
   0.65300E+03   0.87786E-01   0.96252E-01   0.21901E-02   0.18623E+00   0.43154E+00
   0.65400E+03   0.88046E-01   0.96507E-01   0.22128E-02   0.18677E+00   0.43216E+00
   0.65500E+03   0.88302E-01   0.96757E-01   0.22357E-02   0.18729E+00   0.43278E+00
   0.65600E+03   0.88553E-01   0.97004E-01   0.22586E-02   0.18782E+00   0.43338E+00
   0.65700E+03   0.88800E-01   0.97247E-01   0.22816E-02   0.18833E+00   0.43397E+00
   0.65800E+03   0.89042E-01   0.97487E-01   0.23044E-02   0.18883E+00   0.43455E+00
   0.65900E+03   0.89280E-01   0.97722E-01   0.23270E-02   0.18933E+00   0.43512E+00
   0.66000E+03   0.89513E-01   0.97955E-01   0.23494E-02   0.18982E+00   0.43568E+00
   0.66100E+03   0.89742E-01   0.98184E-01   0.23715E-02   0.19030E+00   0.43623E+00
   0.66200E+03   0.89965E-01   0.98409E-01   0.23932E-02   0.19077E+00   0.43677E+00
   0.66300E+03   0.90183E-01   0.98631E-01   0.24144E-02   0.19123E+00   0.43730E+00
   0.66400E+03   0.90397E-01   0.98850E-01   0.24351E-02   0.19168E+00   0.43781E+00
   0.66500E+03   0.90605E-01   0.99065E-01   0.24553E-02   0.19212E+00   0.43832E+00
   0.66600E+03   0.90808E-01   0.99276E-01   0.24747E-02   0.19256E+00   0.43882E+00
   0.66700E+03   0.91005E-01   0.99485E-01   0.24934E-02   0.19298E+00   0.43930E+00
   0.66800E+03   0.91198E-01   0.99690E-01   0.25114E-02   0.19340E+00   0.43977E+00
   0.66900E+03   0.91385E-01   0.99891E-01   0.25285E-02   0.19380E+00   0.44023E+00
   0.67000E+03   0.91566E-01   0.10009E+00   0.25447E-02   0.19420E+00   0.44068E+00
   0.67100E+03   0.91742E-01   0.10028E+00   0.25600E-02   0.19458E+00   0.44112E+00
   0.67200E+03   0.91912E-01   0.10047E+00   0.25743E-02   0.19496E+00   0.44154E+00
   0.67300E+03   0.92077E-01   0.10066E+00   0.25875E-02   0.19532E+00   0.44196E+00
   0.67400E+03   0.92236E-01   0.10084E+00   0.25997E-02   0.19568E+00   0.44236E+00
   0.67500E+03   0.92389E-01   0.10102E+00   0.26107E-02   0.19602E+00   0.44274E+00
   0.67600E+03   0.92536E-01   0.10120E+00   0.26205E-02   0.19636E+00   0.44312E+00
   0.67700E+03   0.92678E-01   0.10137E+00   0.26292E-02   0.19668E+00   0.44348E+00
   0.67800E+03   0.92813E-01   0.10154E+00   0.26366E-02   0.19699E+00   0.44383E+00
   0.67900E+03   0.92943E-01   0.10170E+00   0.26427E-02   0.19729E+00   0.44417E+00
   0.68000E+03   0.93066E-01   0.10186E+00   0.26475E-02   0.19758E+00   0.44450E+00
   0.68100E+03   0.93183E-01   0.10202E+00   0.26510E-02   0.19785E+00   0.44481E+00
   0.68200E+03   0.93294E-01   0.10217E+00   0.26532E-02   0.19812E+00   0.44510E+00
   0.68300E+03   0.93399E-01   0.10232E+00   0.26540E-02   0.19837E+00   0.44539E+00
   0.68400E+03   0.93497E-01   0.10246E+00   0.26535E-02   0.19861E+00   0.44566E+00
   0.68500E+03   0.93589E-01   0.10260E+00   0.26515E-02   0.19884E+00   0.44592E+00
   0.68600E+03   0.93674E-01   0.10274E+00   0.26483E-02   0.19906E+00   0.44617E+00
   0.68700E+03   0.93753E-01   0.10287E+00   0.26436E-02   0.19927E+00   0.44640E+00
   0.68800E+03   0.93825E-01   0.10300E+00   0.26377E-02   0.19947E+00   0.44662E+00
   0.68900E+03   0.93890E-01   0.10313E+00   0.26304E-02   0.19965E+00   0.44682E+00
   0.69000E+03   0.93949E-01   0.10325E+00   0.26219E-02   0.19982E+00   0.44701E+00
   0.69100E+03   0.94000E-01   0.10337E+00   0.26121E-02   0.19998E+00   0.44719E+00
   0.69200E+03   0.94045E-01   0.10348E+00   0.26012E-02   0.20013E+00   0.44736E+00
   0.69300E+03   0.94082E-01   0.10360E+00   0.25891E-02   0.20027E+00   0.44751E+00
   0.69400E+03   0.94112E-01   0.10371E+00   0.25759E-02   0.20039E+00   0.44765E+00
   0.69500E+03   0.94135E-01   0.10381E+00   0.25618E-02   0.20051E+00   0.44778E+00
   0.69600E+03   0.94151E-01   0.10392E+00   0.25467E-02   0.20061E+00   0.44790E+00
   0.69700E+03   0.94159E-01   0.10402E+00   0.25309E-02   0.20071E+00   0.44801E+00
   0.69800E+03   0.94160E-01   0.10412E+00   0.25143E-02   0.20079E+00   0.44810E+00
   0.69900E+03   0.94153E-01   0.10421E+00   0.24972E-02   0.20086E+00   0.44818E+00
   0.70000E+03   0.94138E-01   0.10431E+00   0.24796E-02   0.20093E+00   0.44825E+00
   0.70100E+03   0.94116E-01   0.10440E+00   0.24617E-02   0.20098E+00   0.44831E+00
   0.70200E+03   0.94086E-01   0.10449E+00   0.24436E-02   0.20102E+00   0.44836E+00
   0.70300E+03   0.94047E-01   0.10458E+00   0.24254E-02   0.20106E+00   0.44839E+00
   0.70400E+03   0.94001E-01   0.10467E+00   0.24073E-02   0.20108E+00   0.44842E+00
   0.70500E+03   0.93947E-01   0.10476E+00   0.23894E-02   0.20110E+00   0.44844E+00
   0.70600E+03   0.93885E-01   0.10485E+00   0.23719E-02   0.20110E+00   0.44844E+00
   0.70700E+03   0.93814E-01   0.10493E+00   0.23550E-02   0.20110E+00   0.44844E+00
   0.70800E+03   0.93736E-01   0.10501E+00   0.23389E-02   0.20109E+00   0.44843E+00
   0.70900E+03   0.93649E-01   0.10510E+00   0.23236E-02   0.20107E+00   0.44841E+00
   0.71000E+03   0.93555E-01   0.10518E+00   0.23094E-02   0.20104E+00   0.44838E+00
   0.71100E+03   0.93452E-01   0.10526E+00   0.22964E-02   0.20101E+00   0.44834E+00
   0.71200E+03   0.93341E-01   0.10534E+00   0.22848E-02   0.20097E+00   0.44829E+00
   0.71300E+03   0.93223E-01   0.10542E+00   0.22747E-02   0.20092E+00   0.44824E+00
