    #Time(fs)    x-MSD(A^2)    y-MSD(A^2)    z-MSD(A^2)    tot-MSD(A^2)  sqrt(MSD)(A)
   0.00000E+00  -0.71054E-14  -0.11369E-12   0.88818E-15  -0.22737E-12           NaN
   0.10000E+01   0.20474E-04   0.60725E-04   0.44338E-05   0.85633E-04   0.92538E-02
   0.20000E+01   0.81837E-04   0.24306E-03   0.17669E-04   0.34256E-03   0.18508E-01
   0.30000E+01   0.18390E-03   0.54709E-03   0.39563E-04   0.77055E-03   0.27759E-01
   0.40000E+01   0.32633E-03   0.97271E-03   0.69923E-04   0.13690E-02   0.37000E-01
   0.50000E+01   0.50869E-03   0.15196E-02   0.10851E-03   0.21368E-02   0.46226E-01
   0.60000E+01   0.73041E-03   0.21874E-02   0.15503E-03   0.30728E-02   0.55433E-01
   0.70000E+01   0.99080E-03   0.29753E-02   0.20918E-03   0.41752E-02   0.64616E-01
   0.80000E+01   0.12891E-02   0.38825E-02   0.27060E-03   0.54422E-02   0.73771E-01
   0.90000E+01   0.16244E-02   0.49080E-02   0.33892E-03   0.68713E-02   0.82893E-01
   0.10000E+02   0.19958E-02   0.60507E-02   0.41376E-03   0.84602E-02   0.91979E-01
   0.11000E+02   0.24022E-02   0.73092E-02   0.49473E-03   0.10206E-01   0.10103E+00
   0.12000E+02   0.28425E-02   0.86821E-02   0.58143E-03   0.12106E-01   0.11003E+00
   0.13000E+02   0.33157E-02   0.10168E-01   0.67346E-03   0.14157E-01   0.11898E+00
   0.14000E+02   0.38206E-02   0.11765E-01   0.77043E-03   0.16356E-01   0.12789E+00
   0.15000E+02   0.43559E-02   0.13471E-01   0.87195E-03   0.18699E-01   0.13674E+00
   0.16000E+02   0.49205E-02   0.15285E-01   0.97763E-03   0.21183E-01   0.14554E+00
   0.17000E+02   0.55132E-02   0.17205E-01   0.10871E-02   0.23805E-01   0.15429E+00
   0.18000E+02   0.61328E-02   0.19228E-01   0.12000E-02   0.26561E-01   0.16297E+00
   0.19000E+02   0.67780E-02   0.21353E-01   0.13161E-02   0.29447E-01   0.17160E+00
   0.20000E+02   0.74479E-02   0.23578E-01   0.14349E-02   0.32461E-01   0.18017E+00
   0.21000E+02   0.81413E-02   0.25900E-01   0.15563E-02   0.35598E-01   0.18867E+00
   0.22000E+02   0.88572E-02   0.28319E-01   0.16798E-02   0.38856E-01   0.19712E+00
   0.23000E+02   0.95946E-02   0.30830E-01   0.18053E-02   0.42230E-01   0.20550E+00
   0.24000E+02   0.10353E-01   0.33433E-01   0.19325E-02   0.45719E-01   0.21382E+00
   0.25000E+02   0.11130E-01   0.36126E-01   0.20610E-02   0.49318E-01   0.22208E+00
   0.26000E+02   0.11927E-01   0.38907E-01   0.21908E-02   0.53025E-01   0.23027E+00
   0.27000E+02   0.12742E-01   0.41773E-01   0.23216E-02   0.56837E-01   0.23840E+00
   0.28000E+02   0.13575E-01   0.44723E-01   0.24532E-02   0.60751E-01   0.24648E+00
   0.29000E+02   0.14425E-01   0.47754E-01   0.25854E-02   0.64765E-01   0.25449E+00
   0.30000E+02   0.15292E-01   0.50866E-01   0.27182E-02   0.68877E-01   0.26244E+00
   0.31000E+02   0.16176E-01   0.54057E-01   0.28513E-02   0.73084E-01   0.27034E+00
   0.32000E+02   0.17076E-01   0.57324E-01   0.29846E-02   0.77384E-01   0.27818E+00
   0.33000E+02   0.17991E-01   0.60666E-01   0.31182E-02   0.81776E-01   0.28597E+00
   0.34000E+02   0.18923E-01   0.64083E-01   0.32518E-02   0.86258E-01   0.29370E+00
   0.35000E+02   0.19871E-01   0.67571E-01   0.33856E-02   0.90828E-01   0.30138E+00
   0.36000E+02   0.20834E-01   0.71131E-01   0.35194E-02   0.95485E-01   0.30901E+00
   0.37000E+02   0.21814E-01   0.74761E-01   0.36533E-02   0.10023E+00   0.31659E+00
   0.38000E+02   0.22809E-01   0.78459E-01   0.37872E-02   0.10506E+00   0.32412E+00
   0.39000E+02   0.23821E-01   0.82224E-01   0.39213E-02   0.10997E+00   0.33161E+00
   0.40000E+02   0.24849E-01   0.86056E-01   0.40555E-02   0.11496E+00   0.33906E+00
   0.41000E+02   0.25892E-01   0.89953E-01   0.41899E-02   0.12004E+00   0.34646E+00
   0.42000E+02   0.26952E-01   0.93914E-01   0.43246E-02   0.12519E+00   0.35382E+00
   0.43000E+02   0.28029E-01   0.97938E-01   0.44597E-02   0.13043E+00   0.36115E+00
   0.44000E+02   0.29121E-01   0.10202E+00   0.45951E-02   0.13574E+00   0.36843E+00
   0.45000E+02   0.30230E-01   0.10617E+00   0.47309E-02   0.14113E+00   0.37567E+00
   0.46000E+02   0.31354E-01   0.11038E+00   0.48673E-02   0.14660E+00   0.38288E+00
   0.47000E+02   0.32495E-01   0.11464E+00   0.50043E-02   0.15214E+00   0.39006E+00
   0.48000E+02   0.33652E-01   0.11897E+00   0.51418E-02   0.15776E+00   0.39719E+00
   0.49000E+02   0.34825E-01   0.12335E+00   0.52799E-02   0.16345E+00   0.40429E+00
   0.50000E+02   0.36013E-01   0.12779E+00   0.54187E-02   0.16922E+00   0.41136E+00
   0.51000E+02   0.37217E-01   0.13228E+00   0.55580E-02   0.17505E+00   0.41839E+00
   0.52000E+02   0.38436E-01   0.13683E+00   0.56978E-02   0.18096E+00   0.42539E+00
   0.53000E+02   0.39670E-01   0.14143E+00   0.58382E-02   0.18693E+00   0.43236E+00
   0.54000E+02   0.40919E-01   0.14608E+00   0.59789E-02   0.19297E+00   0.43929E+00
   0.55000E+02   0.42183E-01   0.15078E+00   0.61200E-02   0.19908E+00   0.44619E+00
   0.56000E+02   0.43461E-01   0.15553E+00   0.62612E-02   0.20525E+00   0.45305E+00
   0.57000E+02   0.44754E-01   0.16033E+00   0.64025E-02   0.21149E+00   0.45988E+00
   0.58000E+02   0.46060E-01   0.16518E+00   0.65436E-02   0.21778E+00   0.46667E+00
   0.59000E+02   0.47380E-01   0.17007E+00   0.66844E-02   0.22414E+00   0.47343E+00
   0.60000E+02   0.48714E-01   0.17502E+00   0.68247E-02   0.23055E+00   0.48016E+00
   0.61000E+02   0.50060E-01   0.18000E+00   0.69642E-02   0.23702E+00   0.48685E+00
   0.62000E+02   0.51420E-01   0.18503E+00   0.71027E-02   0.24355E+00   0.49351E+00
   0.63000E+02   0.52792E-01   0.19010E+00   0.72400E-02   0.25013E+00   0.50013E+00
   0.64000E+02   0.54176E-01   0.19522E+00   0.73758E-02   0.25677E+00   0.50672E+00
   0.65000E+02   0.55572E-01   0.20037E+00   0.75100E-02   0.26345E+00   0.51328E+00
   0.66000E+02   0.56980E-01   0.20556E+00   0.76421E-02   0.27019E+00   0.51979E+00
   0.67000E+02   0.58399E-01   0.21080E+00   0.77721E-02   0.27697E+00   0.52628E+00
   0.68000E+02   0.59829E-01   0.21607E+00   0.78998E-02   0.28380E+00   0.53273E+00
   0.69000E+02   0.61269E-01   0.22138E+00   0.80247E-02   0.29067E+00   0.53914E+00
   0.70000E+02   0.62720E-01   0.22672E+00   0.81469E-02   0.29759E+00   0.54552E+00
   0.71000E+02   0.64181E-01   0.23211E+00   0.82661E-02   0.30455E+00   0.55186E+00
   0.72000E+02   0.65652E-01   0.23752E+00   0.83820E-02   0.31156E+00   0.55817E+00
   0.73000E+02   0.67132E-01   0.24297E+00   0.84946E-02   0.31860E+00   0.56444E+00
   0.74000E+02   0.68622E-01   0.24845E+00   0.86037E-02   0.32568E+00   0.57068E+00
   0.75000E+02   0.70120E-01   0.25397E+00   0.87092E-02   0.33280E+00   0.57688E+00
   0.76000E+02   0.71626E-01   0.25951E+00   0.88110E-02   0.33995E+00   0.58305E+00
   0.77000E+02   0.73141E-01   0.26509E+00   0.89089E-02   0.34714E+00   0.58918E+00
   0.78000E+02   0.74664E-01   0.27069E+00   0.90030E-02   0.35436E+00   0.59528E+00
   0.79000E+02   0.76194E-01   0.27633E+00   0.90932E-02   0.36161E+00   0.60134E+00
   0.80000E+02   0.77732E-01   0.28199E+00   0.91794E-02   0.36890E+00   0.60737E+00
   0.81000E+02   0.79277E-01   0.28767E+00   0.92617E-02   0.37621E+00   0.61336E+00
   0.82000E+02   0.80829E-01   0.29339E+00   0.93401E-02   0.38355E+00   0.61932E+00
   0.83000E+02   0.82388E-01   0.29912E+00   0.94147E-02   0.39092E+00   0.62524E+00
   0.84000E+02   0.83953E-01   0.30488E+00   0.94855E-02   0.39832E+00   0.63113E+00
   0.85000E+02   0.85525E-01   0.31066E+00   0.95528E-02   0.40574E+00   0.63698E+00
   0.86000E+02   0.87104E-01   0.31647E+00   0.96165E-02   0.41319E+00   0.64280E+00
   0.87000E+02   0.88688E-01   0.32229E+00   0.96770E-02   0.42065E+00   0.64858E+00
   0.88000E+02   0.90279E-01   0.32813E+00   0.97344E-02   0.42814E+00   0.65433E+00
   0.89000E+02   0.91875E-01   0.33399E+00   0.97889E-02   0.43565E+00   0.66004E+00
   0.90000E+02   0.93477E-01   0.33986E+00   0.98409E-02   0.44318E+00   0.66572E+00
   0.91000E+02   0.95085E-01   0.34575E+00   0.98904E-02   0.45072E+00   0.67136E+00
   0.92000E+02   0.96699E-01   0.35165E+00   0.99378E-02   0.45829E+00   0.67697E+00
   0.93000E+02   0.98318E-01   0.35756E+00   0.99834E-02   0.46586E+00   0.68254E+00
   0.94000E+02   0.99943E-01   0.36349E+00   0.10028E-01   0.47346E+00   0.68808E+00
   0.95000E+02   0.10157E+00   0.36942E+00   0.10070E-01   0.48106E+00   0.69359E+00
   0.96000E+02   0.10321E+00   0.37536E+00   0.10112E-01   0.48868E+00   0.69906E+00
   0.97000E+02   0.10485E+00   0.38130E+00   0.10154E-01   0.49631E+00   0.70449E+00
   0.98000E+02   0.10649E+00   0.38726E+00   0.10195E-01   0.50395E+00   0.70989E+00
   0.99000E+02   0.10815E+00   0.39321E+00   0.10236E-01   0.51159E+00   0.71526E+00
   0.10000E+03   0.10980E+00   0.39916E+00   0.10277E-01   0.51924E+00   0.72058E+00
   0.10100E+03   0.11146E+00   0.40512E+00   0.10318E-01   0.52690E+00   0.72588E+00
   0.10200E+03   0.11312E+00   0.41107E+00   0.10360E-01   0.53456E+00   0.73113E+00
   0.10300E+03   0.11479E+00   0.41703E+00   0.10403E-01   0.54222E+00   0.73635E+00
   0.10400E+03   0.11646E+00   0.42297E+00   0.10447E-01   0.54988E+00   0.74154E+00
   0.10500E+03   0.11813E+00   0.42892E+00   0.10492E-01   0.55754E+00   0.74669E+00
   0.10600E+03   0.11981E+00   0.43486E+00   0.10537E-01   0.56520E+00   0.75180E+00
   0.10700E+03   0.12148E+00   0.44079E+00   0.10584E-01   0.57285E+00   0.75687E+00
   0.10800E+03   0.12316E+00   0.44671E+00   0.10632E-01   0.58050E+00   0.76191E+00
   0.10900E+03   0.12484E+00   0.45262E+00   0.10681E-01   0.58814E+00   0.76691E+00
   0.11000E+03   0.12652E+00   0.45853E+00   0.10731E-01   0.59578E+00   0.77187E+00
   0.11100E+03   0.12820E+00   0.46442E+00   0.10781E-01   0.60340E+00   0.77679E+00
   0.11200E+03   0.12987E+00   0.47031E+00   0.10832E-01   0.61101E+00   0.78167E+00
   0.11300E+03   0.13154E+00   0.47618E+00   0.10884E-01   0.61861E+00   0.78652E+00
   0.11400E+03   0.13322E+00   0.48204E+00   0.10936E-01   0.62619E+00   0.79132E+00
   0.11500E+03   0.13488E+00   0.48789E+00   0.10988E-01   0.63376E+00   0.79609E+00
   0.11600E+03   0.13655E+00   0.49373E+00   0.11039E-01   0.64131E+00   0.80082E+00
   0.11700E+03   0.13820E+00   0.49955E+00   0.11090E-01   0.64885E+00   0.80551E+00
   0.11800E+03   0.13986E+00   0.50536E+00   0.11141E-01   0.65636E+00   0.81016E+00
   0.11900E+03   0.14151E+00   0.51116E+00   0.11190E-01   0.66386E+00   0.81478E+00
   0.12000E+03   0.14315E+00   0.51695E+00   0.11238E-01   0.67134E+00   0.81935E+00
   0.12100E+03   0.14478E+00   0.52273E+00   0.11284E-01   0.67880E+00   0.82389E+00
   0.12200E+03   0.14641E+00   0.52849E+00   0.11329E-01   0.68623E+00   0.82839E+00
   0.12300E+03   0.14803E+00   0.53424E+00   0.11371E-01   0.69365E+00   0.83286E+00
   0.12400E+03   0.14965E+00   0.53998E+00   0.11411E-01   0.70104E+00   0.83728E+00
   0.12500E+03   0.15126E+00   0.54571E+00   0.11449E-01   0.70841E+00   0.84167E+00
   0.12600E+03   0.15285E+00   0.55143E+00   0.11483E-01   0.71576E+00   0.84603E+00
   0.12700E+03   0.15445E+00   0.55713E+00   0.11516E-01   0.72309E+00   0.85035E+00
   0.12800E+03   0.15603E+00   0.56282E+00   0.11545E-01   0.73040E+00   0.85463E+00
   0.12900E+03   0.15761E+00   0.56850E+00   0.11572E-01   0.73768E+00   0.85888E+00
   0.13000E+03   0.15918E+00   0.57417E+00   0.11596E-01   0.74494E+00   0.86310E+00
   0.13100E+03   0.16074E+00   0.57982E+00   0.11618E-01   0.75218E+00   0.86728E+00
   0.13200E+03   0.16229E+00   0.58547E+00   0.11637E-01   0.75940E+00   0.87144E+00
   0.13300E+03   0.16384E+00   0.59110E+00   0.11654E-01   0.76660E+00   0.87556E+00
   0.13400E+03   0.16539E+00   0.59672E+00   0.11669E-01   0.77378E+00   0.87965E+00
   0.13500E+03   0.16692E+00   0.60233E+00   0.11683E-01   0.78094E+00   0.88371E+00
   0.13600E+03   0.16846E+00   0.60793E+00   0.11696E-01   0.78809E+00   0.88774E+00
   0.13700E+03   0.16999E+00   0.61352E+00   0.11708E-01   0.79521E+00   0.89175E+00
   0.13800E+03   0.17151E+00   0.61910E+00   0.11719E-01   0.80233E+00   0.89573E+00
   0.13900E+03   0.17303E+00   0.62467E+00   0.11731E-01   0.80943E+00   0.89968E+00
   0.14000E+03   0.17455E+00   0.63023E+00   0.11744E-01   0.81652E+00   0.90361E+00
   0.14100E+03   0.17606E+00   0.63578E+00   0.11757E-01   0.82360E+00   0.90752E+00
   0.14200E+03   0.17758E+00   0.64132E+00   0.11772E-01   0.83067E+00   0.91141E+00
   0.14300E+03   0.17909E+00   0.64686E+00   0.11788E-01   0.83774E+00   0.91528E+00
   0.14400E+03   0.18060E+00   0.65240E+00   0.11806E-01   0.84480E+00   0.91913E+00
   0.14500E+03   0.18210E+00   0.65793E+00   0.11826E-01   0.85186E+00   0.92296E+00
   0.14600E+03   0.18361E+00   0.66346E+00   0.11848E-01   0.85891E+00   0.92678E+00
   0.14700E+03   0.18511E+00   0.66899E+00   0.11873E-01   0.86598E+00   0.93058E+00
   0.14800E+03   0.18662E+00   0.67452E+00   0.11900E-01   0.87304E+00   0.93437E+00
   0.14900E+03   0.18812E+00   0.68006E+00   0.11930E-01   0.88011E+00   0.93814E+00
   0.15000E+03   0.18962E+00   0.68560E+00   0.11963E-01   0.88719E+00   0.94191E+00
   0.15100E+03   0.19112E+00   0.69115E+00   0.11998E-01   0.89427E+00   0.94566E+00
   0.15200E+03   0.19263E+00   0.69670E+00   0.12036E-01   0.90136E+00   0.94940E+00
   0.15300E+03   0.19412E+00   0.70227E+00   0.12076E-01   0.90847E+00   0.95314E+00
   0.15400E+03   0.19562E+00   0.70784E+00   0.12119E-01   0.91558E+00   0.95686E+00
   0.15500E+03   0.19712E+00   0.71342E+00   0.12164E-01   0.92271E+00   0.96058E+00
   0.15600E+03   0.19862E+00   0.71901E+00   0.12212E-01   0.92985E+00   0.96428E+00
   0.15700E+03   0.20012E+00   0.72461E+00   0.12261E-01   0.93699E+00   0.96798E+00
   0.15800E+03   0.20162E+00   0.73022E+00   0.12312E-01   0.94415E+00   0.97167E+00
   0.15900E+03   0.20312E+00   0.73583E+00   0.12364E-01   0.95131E+00   0.97535E+00
   0.16000E+03   0.20462E+00   0.74146E+00   0.12418E-01   0.95849E+00   0.97902E+00
   0.16100E+03   0.20611E+00   0.74708E+00   0.12473E-01   0.96567E+00   0.98268E+00
   0.16200E+03   0.20761E+00   0.75271E+00   0.12528E-01   0.97285E+00   0.98633E+00
   0.16300E+03   0.20911E+00   0.75835E+00   0.12584E-01   0.98004E+00   0.98997E+00
   0.16400E+03   0.21061E+00   0.76398E+00   0.12641E-01   0.98724E+00   0.99360E+00
   0.16500E+03   0.21212E+00   0.76962E+00   0.12697E-01   0.99443E+00   0.99721E+00
   0.16600E+03   0.21362E+00   0.77525E+00   0.12754E-01   0.10016E+01   0.10008E+01
   0.16700E+03   0.21512E+00   0.78088E+00   0.12810E-01   0.10088E+01   0.10044E+01
   0.16800E+03   0.21662E+00   0.78651E+00   0.12867E-01   0.10160E+01   0.10080E+01
   0.16900E+03   0.21812E+00   0.79213E+00   0.12922E-01   0.10232E+01   0.10115E+01
   0.17000E+03   0.21962E+00   0.79775E+00   0.12977E-01   0.10303E+01   0.10151E+01
   0.17100E+03   0.22112E+00   0.80336E+00   0.13031E-01   0.10375E+01   0.10186E+01
   0.17200E+03   0.22262E+00   0.80895E+00   0.13085E-01   0.10447E+01   0.10221E+01
   0.17300E+03   0.22412E+00   0.81454E+00   0.13137E-01   0.10518E+01   0.10256E+01
   0.17400E+03   0.22561E+00   0.82012E+00   0.13188E-01   0.10589E+01   0.10290E+01
   0.17500E+03   0.22710E+00   0.82569E+00   0.13238E-01   0.10660E+01   0.10325E+01
   0.17600E+03   0.22859E+00   0.83124E+00   0.13288E-01   0.10731E+01   0.10359E+01
   0.17700E+03   0.23008E+00   0.83677E+00   0.13335E-01   0.10802E+01   0.10393E+01
   0.17800E+03   0.23155E+00   0.84230E+00   0.13382E-01   0.10872E+01   0.10427E+01
   0.17900E+03   0.23303E+00   0.84780E+00   0.13427E-01   0.10943E+01   0.10461E+01
   0.18000E+03   0.23450E+00   0.85329E+00   0.13472E-01   0.11013E+01   0.10494E+01
   0.18100E+03   0.23596E+00   0.85876E+00   0.13514E-01   0.11082E+01   0.10527E+01
   0.18200E+03   0.23741E+00   0.86421E+00   0.13556E-01   0.11152E+01   0.10560E+01
   0.18300E+03   0.23885E+00   0.86965E+00   0.13596E-01   0.11221E+01   0.10593E+01
   0.18400E+03   0.24029E+00   0.87506E+00   0.13635E-01   0.11290E+01   0.10625E+01
   0.18500E+03   0.24171E+00   0.88045E+00   0.13673E-01   0.11358E+01   0.10658E+01
   0.18600E+03   0.24312E+00   0.88582E+00   0.13709E-01   0.11427E+01   0.10689E+01
   0.18700E+03   0.24452E+00   0.89117E+00   0.13745E-01   0.11494E+01   0.10721E+01
   0.18800E+03   0.24590E+00   0.89650E+00   0.13779E-01   0.11562E+01   0.10753E+01
   0.18900E+03   0.24727E+00   0.90180E+00   0.13812E-01   0.11629E+01   0.10784E+01
   0.19000E+03   0.24862E+00   0.90707E+00   0.13844E-01   0.11695E+01   0.10814E+01
   0.19100E+03   0.24995E+00   0.91232E+00   0.13875E-01   0.11761E+01   0.10845E+01
   0.19200E+03   0.25126E+00   0.91755E+00   0.13905E-01   0.11827E+01   0.10875E+01
   0.19300E+03   0.25256E+00   0.92274E+00   0.13935E-01   0.11892E+01   0.10905E+01
   0.19400E+03   0.25383E+00   0.92791E+00   0.13963E-01   0.11957E+01   0.10935E+01
   0.19500E+03   0.25509E+00   0.93305E+00   0.13991E-01   0.12021E+01   0.10964E+01
   0.19600E+03   0.25632E+00   0.93815E+00   0.14018E-01   0.12085E+01   0.10993E+01
   0.19700E+03   0.25753E+00   0.94323E+00   0.14044E-01   0.12148E+01   0.11022E+01
   0.19800E+03   0.25872E+00   0.94827E+00   0.14070E-01   0.12211E+01   0.11050E+01
   0.19900E+03   0.25989E+00   0.95328E+00   0.14095E-01   0.12273E+01   0.11078E+01
   0.20000E+03   0.26103E+00   0.95825E+00   0.14119E-01   0.12334E+01   0.11106E+01
   0.20100E+03   0.26215E+00   0.96319E+00   0.14143E-01   0.12395E+01   0.11133E+01
   0.20200E+03   0.26325E+00   0.96810E+00   0.14166E-01   0.12455E+01   0.11160E+01
   0.20300E+03   0.26432E+00   0.97297E+00   0.14189E-01   0.12515E+01   0.11187E+01
   0.20400E+03   0.26537E+00   0.97780E+00   0.14212E-01   0.12574E+01   0.11213E+01
   0.20500E+03   0.26640E+00   0.98260E+00   0.14233E-01   0.12632E+01   0.11239E+01
   0.20600E+03   0.26740E+00   0.98735E+00   0.14255E-01   0.12690E+01   0.11265E+01
   0.20700E+03   0.26837E+00   0.99207E+00   0.14275E-01   0.12747E+01   0.11290E+01
   0.20800E+03   0.26933E+00   0.99675E+00   0.14295E-01   0.12804E+01   0.11315E+01
   0.20900E+03   0.27025E+00   0.10014E+01   0.14315E-01   0.12860E+01   0.11340E+01
   0.21000E+03   0.27115E+00   0.10060E+01   0.14334E-01   0.12915E+01   0.11364E+01
   0.21100E+03   0.27203E+00   0.10106E+01   0.14352E-01   0.12969E+01   0.11388E+01
   0.21200E+03   0.27288E+00   0.10151E+01   0.14369E-01   0.13023E+01   0.11412E+01
   0.21300E+03   0.27370E+00   0.10196E+01   0.14386E-01   0.13076E+01   0.11435E+01
   0.21400E+03   0.27450E+00   0.10240E+01   0.14402E-01   0.13129E+01   0.11458E+01
   0.21500E+03   0.27527E+00   0.10284E+01   0.14417E-01   0.13181E+01   0.11481E+01
   0.21600E+03   0.27601E+00   0.10328E+01   0.14431E-01   0.13232E+01   0.11503E+01
   0.21700E+03   0.27673E+00   0.10371E+01   0.14444E-01   0.13282E+01   0.11525E+01
   0.21800E+03   0.27743E+00   0.10413E+01   0.14456E-01   0.13332E+01   0.11546E+01
   0.21900E+03   0.27809E+00   0.10455E+01   0.14467E-01   0.13381E+01   0.11568E+01
   0.22000E+03   0.27873E+00   0.10497E+01   0.14477E-01   0.13429E+01   0.11588E+01
   0.22100E+03   0.27935E+00   0.10538E+01   0.14485E-01   0.13477E+01   0.11609E+01
   0.22200E+03   0.27995E+00   0.10579E+01   0.14493E-01   0.13523E+01   0.11629E+01
   0.22300E+03   0.28052E+00   0.10619E+01   0.14499E-01   0.13569E+01   0.11649E+01
   0.22400E+03   0.28107E+00   0.10659E+01   0.14504E-01   0.13615E+01   0.11668E+01
   0.22500E+03   0.28160E+00   0.10698E+01   0.14508E-01   0.13659E+01   0.11687E+01
   0.22600E+03   0.28211E+00   0.10736E+01   0.14510E-01   0.13703E+01   0.11706E+01
   0.22700E+03   0.28261E+00   0.10774E+01   0.14511E-01   0.13746E+01   0.11724E+01
   0.22800E+03   0.28309E+00   0.10812E+01   0.14511E-01   0.13788E+01   0.11742E+01
   0.22900E+03   0.28355E+00   0.10848E+01   0.14510E-01   0.13829E+01   0.11760E+01
   0.23000E+03   0.28400E+00   0.10884E+01   0.14507E-01   0.13869E+01   0.11777E+01
   0.23100E+03   0.28444E+00   0.10920E+01   0.14504E-01   0.13909E+01   0.11794E+01
   0.23200E+03   0.28486E+00   0.10955E+01   0.14500E-01   0.13948E+01   0.11810E+01
   0.23300E+03   0.28528E+00   0.10988E+01   0.14495E-01   0.13986E+01   0.11826E+01
   0.23400E+03   0.28569E+00   0.11022E+01   0.14489E-01   0.14024E+01   0.11842E+01
   0.23500E+03   0.28610E+00   0.11054E+01   0.14483E-01   0.14060E+01   0.11857E+01
   0.23600E+03   0.28649E+00   0.11086E+01   0.14476E-01   0.14096E+01   0.11873E+01
   0.23700E+03   0.28689E+00   0.11117E+01   0.14469E-01   0.14130E+01   0.11887E+01
   0.23800E+03   0.28728E+00   0.11147E+01   0.14462E-01   0.14164E+01   0.11901E+01
   0.23900E+03   0.28766E+00   0.11176E+01   0.14455E-01   0.14197E+01   0.11915E+01
   0.24000E+03   0.28805E+00   0.11205E+01   0.14449E-01   0.14230E+01   0.11929E+01
   0.24100E+03   0.28843E+00   0.11232E+01   0.14442E-01   0.14261E+01   0.11942E+01
   0.24200E+03   0.28882E+00   0.11259E+01   0.14436E-01   0.14291E+01   0.11955E+01
   0.24300E+03   0.28920E+00   0.11285E+01   0.14431E-01   0.14321E+01   0.11967E+01
   0.24400E+03   0.28958E+00   0.11309E+01   0.14427E-01   0.14350E+01   0.11979E+01
   0.24500E+03   0.28997E+00   0.11333E+01   0.14423E-01   0.14377E+01   0.11991E+01
   0.24600E+03   0.29036E+00   0.11356E+01   0.14421E-01   0.14404E+01   0.12002E+01
   0.24700E+03   0.29074E+00   0.11378E+01   0.14420E-01   0.14430E+01   0.12012E+01
   0.24800E+03   0.29113E+00   0.11399E+01   0.14419E-01   0.14455E+01   0.12023E+01
   0.24900E+03   0.29152E+00   0.11419E+01   0.14420E-01   0.14479E+01   0.12033E+01
   0.25000E+03   0.29191E+00   0.11439E+01   0.14422E-01   0.14502E+01   0.12042E+01
   0.25100E+03   0.29231E+00   0.11457E+01   0.14426E-01   0.14524E+01   0.12052E+01
   0.25200E+03   0.29270E+00   0.11474E+01   0.14430E-01   0.14545E+01   0.12060E+01
   0.25300E+03   0.29309E+00   0.11490E+01   0.14436E-01   0.14566E+01   0.12069E+01
   0.25400E+03   0.29349E+00   0.11506E+01   0.14443E-01   0.14585E+01   0.12077E+01
   0.25500E+03   0.29388E+00   0.11521E+01   0.14451E-01   0.14604E+01   0.12085E+01
   0.25600E+03   0.29428E+00   0.11534E+01   0.14459E-01   0.14622E+01   0.12092E+01
   0.25700E+03   0.29467E+00   0.11547E+01   0.14469E-01   0.14639E+01   0.12099E+01
   0.25800E+03   0.29507E+00   0.11560E+01   0.14479E-01   0.14655E+01   0.12106E+01
   0.25900E+03   0.29547E+00   0.11571E+01   0.14490E-01   0.14671E+01   0.12112E+01
   0.26000E+03   0.29587E+00   0.11582E+01   0.14502E-01   0.14686E+01   0.12119E+01
   0.26100E+03   0.29628E+00   0.11593E+01   0.14513E-01   0.14701E+01   0.12125E+01
   0.26200E+03   0.29669E+00   0.11603E+01   0.14525E-01   0.14715E+01   0.12130E+01
   0.26300E+03   0.29711E+00   0.11612E+01   0.14537E-01   0.14729E+01   0.12136E+01
   0.26400E+03   0.29753E+00   0.11621E+01   0.14549E-01   0.14742E+01   0.12142E+01
   0.26500E+03   0.29796E+00   0.11629E+01   0.14561E-01   0.14755E+01   0.12147E+01
   0.26600E+03   0.29840E+00   0.11638E+01   0.14572E-01   0.14767E+01   0.12152E+01
   0.26700E+03   0.29885E+00   0.11645E+01   0.14583E-01   0.14780E+01   0.12157E+01
   0.26800E+03   0.29930E+00   0.11653E+01   0.14594E-01   0.14792E+01   0.12162E+01
   0.26900E+03   0.29976E+00   0.11660E+01   0.14604E-01   0.14804E+01   0.12167E+01
   0.27000E+03   0.30023E+00   0.11668E+01   0.14614E-01   0.14816E+01   0.12172E+01
   0.27100E+03   0.30070E+00   0.11675E+01   0.14623E-01   0.14828E+01   0.12177E+01
   0.27200E+03   0.30117E+00   0.11682E+01   0.14631E-01   0.14840E+01   0.12182E+01
   0.27300E+03   0.30164E+00   0.11689E+01   0.14639E-01   0.14852E+01   0.12187E+01
   0.27400E+03   0.30212E+00   0.11696E+01   0.14647E-01   0.14863E+01   0.12191E+01
   0.27500E+03   0.30259E+00   0.11702E+01   0.14654E-01   0.14875E+01   0.12196E+01
   0.27600E+03   0.30306E+00   0.11709E+01   0.14661E-01   0.14887E+01   0.12201E+01
   0.27700E+03   0.30352E+00   0.11716E+01   0.14668E-01   0.14898E+01   0.12206E+01
   0.27800E+03   0.30397E+00   0.11723E+01   0.14675E-01   0.14910E+01   0.12211E+01
   0.27900E+03   0.30442E+00   0.11730E+01   0.14682E-01   0.14921E+01   0.12215E+01
   0.28000E+03   0.30486E+00   0.11738E+01   0.14690E-01   0.14933E+01   0.12220E+01
   0.28100E+03   0.30528E+00   0.11745E+01   0.14697E-01   0.14945E+01   0.12225E+01
   0.28200E+03   0.30569E+00   0.11752E+01   0.14705E-01   0.14956E+01   0.12230E+01
   0.28300E+03   0.30609E+00   0.11760E+01   0.14714E-01   0.14968E+01   0.12234E+01
   0.28400E+03   0.30647E+00   0.11768E+01   0.14723E-01   0.14980E+01   0.12239E+01
   0.28500E+03   0.30683E+00   0.11776E+01   0.14732E-01   0.14991E+01   0.12244E+01
   0.28600E+03   0.30717E+00   0.11784E+01   0.14743E-01   0.15003E+01   0.12249E+01
   0.28700E+03   0.30750E+00   0.11792E+01   0.14754E-01   0.15015E+01   0.12253E+01
   0.28800E+03   0.30781E+00   0.11800E+01   0.14766E-01   0.15026E+01   0.12258E+01
   0.28900E+03   0.30809E+00   0.11809E+01   0.14779E-01   0.15038E+01   0.12263E+01
   0.29000E+03   0.30835E+00   0.11818E+01   0.14793E-01   0.15049E+01   0.12268E+01
   0.29100E+03   0.30859E+00   0.11827E+01   0.14809E-01   0.15061E+01   0.12272E+01
   0.29200E+03   0.30880E+00   0.11836E+01   0.14825E-01   0.15072E+01   0.12277E+01
   0.29300E+03   0.30898E+00   0.11845E+01   0.14843E-01   0.15084E+01   0.12282E+01
   0.29400E+03   0.30914E+00   0.11855E+01   0.14861E-01   0.15095E+01   0.12286E+01
   0.29500E+03   0.30927E+00   0.11865E+01   0.14882E-01   0.15106E+01   0.12291E+01
   0.29600E+03   0.30938E+00   0.11875E+01   0.14903E-01   0.15118E+01   0.12295E+01
   0.29700E+03   0.30945E+00   0.11885E+01   0.14926E-01   0.15129E+01   0.12300E+01
   0.29800E+03   0.30950E+00   0.11896E+01   0.14951E-01   0.15140E+01   0.12305E+01
   0.29900E+03   0.30951E+00   0.11906E+01   0.14976E-01   0.15151E+01   0.12309E+01
   0.30000E+03   0.30950E+00   0.11917E+01   0.15004E-01   0.15163E+01   0.12314E+01
   0.30100E+03   0.30947E+00   0.11929E+01   0.15032E-01   0.15174E+01   0.12318E+01
   0.30200E+03   0.30940E+00   0.11940E+01   0.15063E-01   0.15185E+01   0.12323E+01
   0.30300E+03   0.30931E+00   0.11952E+01   0.15094E-01   0.15196E+01   0.12327E+01
   0.30400E+03   0.30920E+00   0.11964E+01   0.15128E-01   0.15207E+01   0.12332E+01
   0.30500E+03   0.30906E+00   0.11977E+01   0.15162E-01   0.15219E+01   0.12336E+01
   0.30600E+03   0.30890E+00   0.11989E+01   0.15198E-01   0.15230E+01   0.12341E+01
   0.30700E+03   0.30872E+00   0.12002E+01   0.15236E-01   0.15242E+01   0.12346E+01
   0.30800E+03   0.30853E+00   0.12015E+01   0.15275E-01   0.15253E+01   0.12350E+01
   0.30900E+03   0.30831E+00   0.12029E+01   0.15315E-01   0.15265E+01   0.12355E+01
   0.31000E+03   0.30809E+00   0.12042E+01   0.15357E-01   0.15277E+01   0.12360E+01
   0.31100E+03   0.30784E+00   0.12056E+01   0.15400E-01   0.15289E+01   0.12365E+01
   0.31200E+03   0.30758E+00   0.12070E+01   0.15444E-01   0.15301E+01   0.12370E+01
   0.31300E+03   0.30732E+00   0.12085E+01   0.15489E-01   0.15313E+01   0.12375E+01
   0.31400E+03   0.30704E+00   0.12100E+01   0.15535E-01   0.15325E+01   0.12380E+01
   0.31500E+03   0.30675E+00   0.12115E+01   0.15583E-01   0.15338E+01   0.12385E+01
   0.31600E+03   0.30645E+00   0.12130E+01   0.15631E-01   0.15350E+01   0.12390E+01
   0.31700E+03   0.30615E+00   0.12145E+01   0.15681E-01   0.15363E+01   0.12395E+01
   0.31800E+03   0.30583E+00   0.12161E+01   0.15732E-01   0.15376E+01   0.12400E+01
   0.31900E+03   0.30552E+00   0.12176E+01   0.15784E-01   0.15389E+01   0.12405E+01
   0.32000E+03   0.30520E+00   0.12192E+01   0.15836E-01   0.15402E+01   0.12411E+01
   0.32100E+03   0.30487E+00   0.12208E+01   0.15890E-01   0.15416E+01   0.12416E+01
   0.32200E+03   0.30455E+00   0.12224E+01   0.15945E-01   0.15429E+01   0.12421E+01
   0.32300E+03   0.30422E+00   0.12241E+01   0.16001E-01   0.15443E+01   0.12427E+01
   0.32400E+03   0.30390E+00   0.12257E+01   0.16058E-01   0.15457E+01   0.12433E+01
   0.32500E+03   0.30357E+00   0.12274E+01   0.16116E-01   0.15471E+01   0.12438E+01
   0.32600E+03   0.30324E+00   0.12291E+01   0.16176E-01   0.15485E+01   0.12444E+01
   0.32700E+03   0.30292E+00   0.12307E+01   0.16236E-01   0.15499E+01   0.12450E+01
   0.32800E+03   0.30260E+00   0.12325E+01   0.16298E-01   0.15514E+01   0.12455E+01
   0.32900E+03   0.30228E+00   0.12342E+01   0.16361E-01   0.15528E+01   0.12461E+01
   0.33000E+03   0.30197E+00   0.12359E+01   0.16426E-01   0.15543E+01   0.12467E+01
   0.33100E+03   0.30166E+00   0.12376E+01   0.16491E-01   0.15558E+01   0.12473E+01
   0.33200E+03   0.30135E+00   0.12394E+01   0.16558E-01   0.15573E+01   0.12479E+01
   0.33300E+03   0.30105E+00   0.12412E+01   0.16626E-01   0.15588E+01   0.12485E+01
   0.33400E+03   0.30075E+00   0.12429E+01   0.16695E-01   0.15604E+01   0.12492E+01
   0.33500E+03   0.30045E+00   0.12447E+01   0.16765E-01   0.15620E+01   0.12498E+01
   0.33600E+03   0.30015E+00   0.12466E+01   0.16836E-01   0.15635E+01   0.12504E+01
   0.33700E+03   0.29986E+00   0.12484E+01   0.16908E-01   0.15652E+01   0.12511E+01
   0.33800E+03   0.29957E+00   0.12502E+01   0.16981E-01   0.15668E+01   0.12517E+01
   0.33900E+03   0.29928E+00   0.12521E+01   0.17054E-01   0.15684E+01   0.12524E+01
   0.34000E+03   0.29899E+00   0.12540E+01   0.17128E-01   0.15701E+01   0.12530E+01
   0.34100E+03   0.29870E+00   0.12559E+01   0.17202E-01   0.15718E+01   0.12537E+01
   0.34200E+03   0.29841E+00   0.12578E+01   0.17277E-01   0.15735E+01   0.12544E+01
   0.34300E+03   0.29812E+00   0.12598E+01   0.17352E-01   0.15752E+01   0.12551E+01
   0.34400E+03   0.29783E+00   0.12617E+01   0.17427E-01   0.15770E+01   0.12558E+01
   0.34500E+03   0.29755E+00   0.12637E+01   0.17502E-01   0.15788E+01   0.12565E+01
   0.34600E+03   0.29725E+00   0.12657E+01   0.17577E-01   0.15806E+01   0.12572E+01
   0.34700E+03   0.29696E+00   0.12678E+01   0.17652E-01   0.15824E+01   0.12579E+01
   0.34800E+03   0.29667E+00   0.12698E+01   0.17727E-01   0.15842E+01   0.12587E+01
   0.34900E+03   0.29637E+00   0.12719E+01   0.17801E-01   0.15861E+01   0.12594E+01
   0.35000E+03   0.29607E+00   0.12740E+01   0.17874E-01   0.15880E+01   0.12601E+01
   0.35100E+03   0.29577E+00   0.12761E+01   0.17948E-01   0.15899E+01   0.12609E+01
   0.35200E+03   0.29547E+00   0.12783E+01   0.18020E-01   0.15918E+01   0.12617E+01
   0.35300E+03   0.29516E+00   0.12805E+01   0.18092E-01   0.15937E+01   0.12624E+01
   0.35400E+03   0.29485E+00   0.12827E+01   0.18164E-01   0.15957E+01   0.12632E+01
   0.35500E+03   0.29454E+00   0.12849E+01   0.18235E-01   0.15977E+01   0.12640E+01
   0.35600E+03   0.29423E+00   0.12871E+01   0.18305E-01   0.15997E+01   0.12648E+01
   0.35700E+03   0.29392E+00   0.12894E+01   0.18375E-01   0.16017E+01   0.12656E+01
   0.35800E+03   0.29360E+00   0.12917E+01   0.18444E-01   0.16038E+01   0.12664E+01
   0.35900E+03   0.29328E+00   0.12940E+01   0.18512E-01   0.16058E+01   0.12672E+01
   0.36000E+03   0.29295E+00   0.12964E+01   0.18580E-01   0.16079E+01   0.12680E+01
   0.36100E+03   0.29263E+00   0.12988E+01   0.18648E-01   0.16100E+01   0.12689E+01
   0.36200E+03   0.29230E+00   0.13012E+01   0.18714E-01   0.16122E+01   0.12697E+01
   0.36300E+03   0.29198E+00   0.13036E+01   0.18781E-01   0.16143E+01   0.12706E+01
   0.36400E+03   0.29165E+00   0.13060E+01   0.18847E-01   0.16165E+01   0.12714E+01
   0.36500E+03   0.29131E+00   0.13085E+01   0.18913E-01   0.16187E+01   0.12723E+01
   0.36600E+03   0.29098E+00   0.13110E+01   0.18978E-01   0.16210E+01   0.12732E+01
   0.36700E+03   0.29064E+00   0.13135E+01   0.19043E-01   0.16232E+01   0.12741E+01
   0.36800E+03   0.29030E+00   0.13161E+01   0.19108E-01   0.16255E+01   0.12750E+01
   0.36900E+03   0.28996E+00   0.13187E+01   0.19172E-01   0.16278E+01   0.12759E+01
   0.37000E+03   0.28961E+00   0.13213E+01   0.19236E-01   0.16302E+01   0.12768E+01
   0.37100E+03   0.28927E+00   0.13240E+01   0.19300E-01   0.16326E+01   0.12777E+01
   0.37200E+03   0.28891E+00   0.13267E+01   0.19364E-01   0.16350E+01   0.12787E+01
   0.37300E+03   0.28856E+00   0.13294E+01   0.19428E-01   0.16374E+01   0.12796E+01
   0.37400E+03   0.28820E+00   0.13322E+01   0.19492E-01   0.16399E+01   0.12806E+01
   0.37500E+03   0.28784E+00   0.13350E+01   0.19556E-01   0.16424E+01   0.12816E+01
   0.37600E+03   0.28747E+00   0.13378E+01   0.19620E-01   0.16449E+01   0.12826E+01
   0.37700E+03   0.28710E+00   0.13407E+01   0.19684E-01   0.16475E+01   0.12836E+01
   0.37800E+03   0.28673E+00   0.13437E+01   0.19747E-01   0.16502E+01   0.12846E+01
   0.37900E+03   0.28635E+00   0.13467E+01   0.19811E-01   0.16528E+01   0.12856E+01
   0.38000E+03   0.28597E+00   0.13497E+01   0.19875E-01   0.16555E+01   0.12867E+01
   0.38100E+03   0.28558E+00   0.13528E+01   0.19939E-01   0.16583E+01   0.12877E+01
   0.38200E+03   0.28519E+00   0.13559E+01   0.20003E-01   0.16611E+01   0.12888E+01
   0.38300E+03   0.28479E+00   0.13590E+01   0.20066E-01   0.16639E+01   0.12899E+01
   0.38400E+03   0.28438E+00   0.13623E+01   0.20129E-01   0.16668E+01   0.12910E+01
   0.38500E+03   0.28397E+00   0.13655E+01   0.20192E-01   0.16697E+01   0.12922E+01
   0.38600E+03   0.28356E+00   0.13688E+01   0.20255E-01   0.16726E+01   0.12933E+01
   0.38700E+03   0.28313E+00   0.13722E+01   0.20317E-01   0.16756E+01   0.12945E+01
   0.38800E+03   0.28271E+00   0.13756E+01   0.20378E-01   0.16787E+01   0.12956E+01
   0.38900E+03   0.28227E+00   0.13790E+01   0.20438E-01   0.16818E+01   0.12968E+01
   0.39000E+03   0.28184E+00   0.13825E+01   0.20498E-01   0.16849E+01   0.12980E+01
   0.39100E+03   0.28139E+00   0.13861E+01   0.20557E-01   0.16880E+01   0.12992E+01
   0.39200E+03   0.28095E+00   0.13897E+01   0.20615E-01   0.16912E+01   0.13005E+01
   0.39300E+03   0.28049E+00   0.13933E+01   0.20671E-01   0.16944E+01   0.13017E+01
   0.39400E+03   0.28003E+00   0.13969E+01   0.20727E-01   0.16977E+01   0.13030E+01
   0.39500E+03   0.27957E+00   0.14006E+01   0.20780E-01   0.17010E+01   0.13042E+01
   0.39600E+03   0.27910E+00   0.14044E+01   0.20833E-01   0.17043E+01   0.13055E+01
   0.39700E+03   0.27863E+00   0.14082E+01   0.20884E-01   0.17077E+01   0.13068E+01
   0.39800E+03   0.27816E+00   0.14120E+01   0.20933E-01   0.17111E+01   0.13081E+01
   0.39900E+03   0.27768E+00   0.14158E+01   0.20980E-01   0.17145E+01   0.13094E+01
   0.40000E+03   0.27720E+00   0.14197E+01   0.21025E-01   0.17179E+01   0.13107E+01
   0.40100E+03   0.27671E+00   0.14236E+01   0.21068E-01   0.17214E+01   0.13120E+01
   0.40200E+03   0.27623E+00   0.14276E+01   0.21110E-01   0.17249E+01   0.13134E+01
   0.40300E+03   0.27574E+00   0.14316E+01   0.21149E-01   0.17284E+01   0.13147E+01
   0.40400E+03   0.27525E+00   0.14356E+01   0.21186E-01   0.17320E+01   0.13161E+01
   0.40500E+03   0.27476E+00   0.14396E+01   0.21220E-01   0.17356E+01   0.13174E+01
   0.40600E+03   0.27427E+00   0.14437E+01   0.21253E-01   0.17392E+01   0.13188E+01
   0.40700E+03   0.27378E+00   0.14477E+01   0.21283E-01   0.17428E+01   0.13202E+01
   0.40800E+03   0.27328E+00   0.14519E+01   0.21311E-01   0.17465E+01   0.13215E+01
   0.40900E+03   0.27279E+00   0.14560E+01   0.21337E-01   0.17501E+01   0.13229E+01
   0.41000E+03   0.27230E+00   0.14602E+01   0.21360E-01   0.17538E+01   0.13243E+01
   0.41100E+03   0.27181E+00   0.14643E+01   0.21381E-01   0.17575E+01   0.13257E+01
   0.41200E+03   0.27132E+00   0.14686E+01   0.21400E-01   0.17613E+01   0.13271E+01
   0.41300E+03   0.27084E+00   0.14728E+01   0.21417E-01   0.17650E+01   0.13285E+01
   0.41400E+03   0.27035E+00   0.14770E+01   0.21431E-01   0.17688E+01   0.13300E+01
   0.41500E+03   0.26986E+00   0.14813E+01   0.21444E-01   0.17726E+01   0.13314E+01
   0.41600E+03   0.26938E+00   0.14856E+01   0.21454E-01   0.17764E+01   0.13328E+01
   0.41700E+03   0.26890E+00   0.14899E+01   0.21463E-01   0.17802E+01   0.13342E+01
   0.41800E+03   0.26841E+00   0.14942E+01   0.21469E-01   0.17840E+01   0.13357E+01
   0.41900E+03   0.26794E+00   0.14985E+01   0.21474E-01   0.17879E+01   0.13371E+01
   0.42000E+03   0.26746E+00   0.15028E+01   0.21477E-01   0.17917E+01   0.13386E+01
   0.42100E+03   0.26698E+00   0.15071E+01   0.21479E-01   0.17956E+01   0.13400E+01
   0.42200E+03   0.26651E+00   0.15115E+01   0.21479E-01   0.17995E+01   0.13414E+01
   0.42300E+03   0.26603E+00   0.15158E+01   0.21478E-01   0.18033E+01   0.13429E+01
   0.42400E+03   0.26556E+00   0.15202E+01   0.21475E-01   0.18072E+01   0.13443E+01
   0.42500E+03   0.26509E+00   0.15245E+01   0.21471E-01   0.18111E+01   0.13458E+01
   0.42600E+03   0.26462E+00   0.15289E+01   0.21466E-01   0.18150E+01   0.13472E+01
   0.42700E+03   0.26415E+00   0.15332E+01   0.21460E-01   0.18188E+01   0.13486E+01
   0.42800E+03   0.26368E+00   0.15376E+01   0.21452E-01   0.18227E+01   0.13501E+01
   0.42900E+03   0.26321E+00   0.15419E+01   0.21444E-01   0.18266E+01   0.13515E+01
   0.43000E+03   0.26274E+00   0.15462E+01   0.21435E-01   0.18304E+01   0.13529E+01
   0.43100E+03   0.26228E+00   0.15506E+01   0.21425E-01   0.18343E+01   0.13544E+01
   0.43200E+03   0.26181E+00   0.15549E+01   0.21413E-01   0.18381E+01   0.13558E+01
   0.43300E+03   0.26135E+00   0.15592E+01   0.21401E-01   0.18419E+01   0.13572E+01
   0.43400E+03   0.26088E+00   0.15635E+01   0.21389E-01   0.18457E+01   0.13586E+01
   0.43500E+03   0.26042E+00   0.15677E+01   0.21375E-01   0.18495E+01   0.13600E+01
   0.43600E+03   0.25996E+00   0.15720E+01   0.21361E-01   0.18533E+01   0.13613E+01
   0.43700E+03   0.25949E+00   0.15762E+01   0.21345E-01   0.18570E+01   0.13627E+01
   0.43800E+03   0.25903E+00   0.15804E+01   0.21329E-01   0.18607E+01   0.13641E+01
   0.43900E+03   0.25857E+00   0.15845E+01   0.21311E-01   0.18644E+01   0.13654E+01
   0.44000E+03   0.25810E+00   0.15887E+01   0.21293E-01   0.18681E+01   0.13668E+01
   0.44100E+03   0.25764E+00   0.15928E+01   0.21273E-01   0.18717E+01   0.13681E+01
   0.44200E+03   0.25718E+00   0.15968E+01   0.21252E-01   0.18753E+01   0.13694E+01
   0.44300E+03   0.25672E+00   0.16009E+01   0.21229E-01   0.18788E+01   0.13707E+01
   0.44400E+03   0.25625E+00   0.16049E+01   0.21205E-01   0.18823E+01   0.13720E+01
   0.44500E+03   0.25579E+00   0.16088E+01   0.21179E-01   0.18858E+01   0.13733E+01
   0.44600E+03   0.25532E+00   0.16128E+01   0.21152E-01   0.18893E+01   0.13745E+01
   0.44700E+03   0.25486E+00   0.16167E+01   0.21122E-01   0.18927E+01   0.13757E+01
   0.44800E+03   0.25439E+00   0.16205E+01   0.21091E-01   0.18960E+01   0.13770E+01
   0.44900E+03   0.25392E+00   0.16243E+01   0.21057E-01   0.18993E+01   0.13782E+01
   0.45000E+03   0.25345E+00   0.16281E+01   0.21022E-01   0.19026E+01   0.13793E+01
   0.45100E+03   0.25297E+00   0.16318E+01   0.20984E-01   0.19058E+01   0.13805E+01
   0.45200E+03   0.25250E+00   0.16355E+01   0.20944E-01   0.19090E+01   0.13817E+01
   0.45300E+03   0.25201E+00   0.16392E+01   0.20902E-01   0.19121E+01   0.13828E+01
   0.45400E+03   0.25153E+00   0.16428E+01   0.20857E-01   0.19152E+01   0.13839E+01
   0.45500E+03   0.25104E+00   0.16463E+01   0.20810E-01   0.19182E+01   0.13850E+01
   0.45600E+03   0.25055E+00   0.16498E+01   0.20760E-01   0.19212E+01   0.13861E+01
   0.45700E+03   0.25005E+00   0.16533E+01   0.20709E-01   0.19241E+01   0.13871E+01
   0.45800E+03   0.24955E+00   0.16567E+01   0.20654E-01   0.19269E+01   0.13881E+01
   0.45900E+03   0.24904E+00   0.16601E+01   0.20598E-01   0.19297E+01   0.13891E+01
   0.46000E+03   0.24852E+00   0.16634E+01   0.20539E-01   0.19325E+01   0.13901E+01
   0.46100E+03   0.24799E+00   0.16667E+01   0.20478E-01   0.19352E+01   0.13911E+01
   0.46200E+03   0.24746E+00   0.16699E+01   0.20416E-01   0.19378E+01   0.13921E+01
   0.46300E+03   0.24692E+00   0.16731E+01   0.20351E-01   0.19404E+01   0.13930E+01
   0.46400E+03   0.24637E+00   0.16763E+01   0.20284E-01   0.19429E+01   0.13939E+01
   0.46500E+03   0.24581E+00   0.16793E+01   0.20216E-01   0.19454E+01   0.13948E+01
   0.46600E+03   0.24525E+00   0.16824E+01   0.20146E-01   0.19478E+01   0.13956E+01
   0.46700E+03   0.24467E+00   0.16854E+01   0.20074E-01   0.19501E+01   0.13965E+01
   0.46800E+03   0.24408E+00   0.16883E+01   0.20002E-01   0.19524E+01   0.13973E+01
   0.46900E+03   0.24348E+00   0.16912E+01   0.19928E-01   0.19546E+01   0.13981E+01
   0.47000E+03   0.24286E+00   0.16940E+01   0.19853E-01   0.19567E+01   0.13988E+01
   0.47100E+03   0.24224E+00   0.16968E+01   0.19777E-01   0.19588E+01   0.13996E+01
   0.47200E+03   0.24160E+00   0.16995E+01   0.19700E-01   0.19608E+01   0.14003E+01
   0.47300E+03   0.24096E+00   0.17021E+01   0.19623E-01   0.19627E+01   0.14010E+01
   0.47400E+03   0.24030E+00   0.17047E+01   0.19545E-01   0.19646E+01   0.14016E+01
   0.47500E+03   0.23962E+00   0.17073E+01   0.19467E-01   0.19664E+01   0.14023E+01
   0.47600E+03   0.23894E+00   0.17098E+01   0.19389E-01   0.19681E+01   0.14029E+01
   0.47700E+03   0.23824E+00   0.17122E+01   0.19310E-01   0.19697E+01   0.14035E+01
   0.47800E+03   0.23753E+00   0.17145E+01   0.19231E-01   0.19713E+01   0.14040E+01
   0.47900E+03   0.23680E+00   0.17168E+01   0.19152E-01   0.19728E+01   0.14045E+01
   0.48000E+03   0.23606E+00   0.17190E+01   0.19073E-01   0.19742E+01   0.14050E+01
   0.48100E+03   0.23531E+00   0.17212E+01   0.18994E-01   0.19755E+01   0.14055E+01
   0.48200E+03   0.23455E+00   0.17232E+01   0.18914E-01   0.19767E+01   0.14059E+01
   0.48300E+03   0.23378E+00   0.17252E+01   0.18835E-01   0.19778E+01   0.14064E+01
   0.48400E+03   0.23299E+00   0.17271E+01   0.18756E-01   0.19789E+01   0.14067E+01
   0.48500E+03   0.23219E+00   0.17290E+01   0.18677E-01   0.19798E+01   0.14071E+01
   0.48600E+03   0.23138E+00   0.17307E+01   0.18598E-01   0.19807E+01   0.14074E+01
   0.48700E+03   0.23056E+00   0.17324E+01   0.18518E-01   0.19814E+01   0.14076E+01
   0.48800E+03   0.22973E+00   0.17339E+01   0.18439E-01   0.19821E+01   0.14079E+01
   0.48900E+03   0.22889E+00   0.17354E+01   0.18359E-01   0.19826E+01   0.14081E+01
   0.49000E+03   0.22803E+00   0.17368E+01   0.18279E-01   0.19831E+01   0.14082E+01
   0.49100E+03   0.22717E+00   0.17381E+01   0.18199E-01   0.19834E+01   0.14083E+01
   0.49200E+03   0.22630E+00   0.17392E+01   0.18119E-01   0.19837E+01   0.14084E+01
   0.49300E+03   0.22542E+00   0.17403E+01   0.18038E-01   0.19838E+01   0.14085E+01
   0.49400E+03   0.22454E+00   0.17413E+01   0.17957E-01   0.19838E+01   0.14085E+01
   0.49500E+03   0.22364E+00   0.17421E+01   0.17875E-01   0.19836E+01   0.14084E+01
   0.49600E+03   0.22274E+00   0.17429E+01   0.17794E-01   0.19834E+01   0.14083E+01
   0.49700E+03   0.22183E+00   0.17435E+01   0.17711E-01   0.19830E+01   0.14082E+01
   0.49800E+03   0.22092E+00   0.17440E+01   0.17629E-01   0.19826E+01   0.14080E+01
   0.49900E+03   0.22000E+00   0.17444E+01   0.17545E-01   0.19819E+01   0.14078E+01
   0.50000E+03   0.21908E+00   0.17447E+01   0.17461E-01   0.19812E+01   0.14076E+01
   0.50100E+03   0.21815E+00   0.17448E+01   0.17377E-01   0.19803E+01   0.14072E+01
   0.50200E+03   0.21722E+00   0.17448E+01   0.17292E-01   0.19793E+01   0.14069E+01
   0.50300E+03   0.21628E+00   0.17447E+01   0.17206E-01   0.19782E+01   0.14065E+01
   0.50400E+03   0.21534E+00   0.17444E+01   0.17119E-01   0.19769E+01   0.14060E+01
   0.50500E+03   0.21440E+00   0.17441E+01   0.17033E-01   0.19755E+01   0.14055E+01
   0.50600E+03   0.21346E+00   0.17435E+01   0.16945E-01   0.19740E+01   0.14050E+01
   0.50700E+03   0.21251E+00   0.17429E+01   0.16857E-01   0.19723E+01   0.14044E+01
   0.50800E+03   0.21156E+00   0.17421E+01   0.16768E-01   0.19704E+01   0.14037E+01
   0.50900E+03   0.21061E+00   0.17412E+01   0.16679E-01   0.19685E+01   0.14030E+01
   0.51000E+03   0.20967E+00   0.17401E+01   0.16589E-01   0.19664E+01   0.14023E+01
   0.51100E+03   0.20872E+00   0.17389E+01   0.16498E-01   0.19641E+01   0.14015E+01
   0.51200E+03   0.20776E+00   0.17375E+01   0.16407E-01   0.19617E+01   0.14006E+01
   0.51300E+03   0.20681E+00   0.17360E+01   0.16316E-01   0.19592E+01   0.13997E+01
   0.51400E+03   0.20586E+00   0.17344E+01   0.16224E-01   0.19565E+01   0.13987E+01
   0.51500E+03   0.20491E+00   0.17326E+01   0.16132E-01   0.19537E+01   0.13977E+01
   0.51600E+03   0.20396E+00   0.17307E+01   0.16040E-01   0.19507E+01   0.13967E+01
   0.51700E+03   0.20301E+00   0.17286E+01   0.15947E-01   0.19476E+01   0.13956E+01
   0.51800E+03   0.20206E+00   0.17264E+01   0.15854E-01   0.19443E+01   0.13944E+01
   0.51900E+03   0.20110E+00   0.17240E+01   0.15761E-01   0.19409E+01   0.13932E+01
   0.52000E+03   0.20015E+00   0.17215E+01   0.15668E-01   0.19374E+01   0.13919E+01
   0.52100E+03   0.19920E+00   0.17189E+01   0.15574E-01   0.19337E+01   0.13906E+01
   0.52200E+03   0.19824E+00   0.17161E+01   0.15481E-01   0.19298E+01   0.13892E+01
   0.52300E+03   0.19729E+00   0.17131E+01   0.15387E-01   0.19258E+01   0.13877E+01
   0.52400E+03   0.19634E+00   0.17101E+01   0.15294E-01   0.19217E+01   0.13862E+01
   0.52500E+03   0.19538E+00   0.17068E+01   0.15200E-01   0.19174E+01   0.13847E+01
   0.52600E+03   0.19442E+00   0.17034E+01   0.15106E-01   0.19130E+01   0.13831E+01
   0.52700E+03   0.19347E+00   0.16999E+01   0.15012E-01   0.19084E+01   0.13814E+01
   0.52800E+03   0.19251E+00   0.16962E+01   0.14919E-01   0.19037E+01   0.13797E+01
   0.52900E+03   0.19155E+00   0.16924E+01   0.14825E-01   0.18988E+01   0.13780E+01
   0.53000E+03   0.19059E+00   0.16885E+01   0.14731E-01   0.18938E+01   0.13761E+01
   0.53100E+03   0.18963E+00   0.16844E+01   0.14636E-01   0.18886E+01   0.13743E+01
   0.53200E+03   0.18866E+00   0.16801E+01   0.14542E-01   0.18833E+01   0.13723E+01
   0.53300E+03   0.18770E+00   0.16757E+01   0.14447E-01   0.18779E+01   0.13704E+01
   0.53400E+03   0.18673E+00   0.16712E+01   0.14352E-01   0.18723E+01   0.13683E+01
   0.53500E+03   0.18577E+00   0.16665E+01   0.14256E-01   0.18665E+01   0.13662E+01
   0.53600E+03   0.18480E+00   0.16617E+01   0.14160E-01   0.18606E+01   0.13641E+01
   0.53700E+03   0.18383E+00   0.16567E+01   0.14063E-01   0.18546E+01   0.13618E+01
   0.53800E+03   0.18286E+00   0.16516E+01   0.13966E-01   0.18484E+01   0.13596E+01
   0.53900E+03   0.18189E+00   0.16464E+01   0.13868E-01   0.18421E+01   0.13572E+01
   0.54000E+03   0.18091E+00   0.16410E+01   0.13769E-01   0.18357E+01   0.13549E+01
   0.54100E+03   0.17994E+00   0.16355E+01   0.13670E-01   0.18291E+01   0.13524E+01
   0.54200E+03   0.17896E+00   0.16298E+01   0.13569E-01   0.18224E+01   0.13500E+01
   0.54300E+03   0.17798E+00   0.16241E+01   0.13467E-01   0.18155E+01   0.13474E+01
   0.54400E+03   0.17700E+00   0.16182E+01   0.13365E-01   0.18085E+01   0.13448E+01
   0.54500E+03   0.17602E+00   0.16121E+01   0.13261E-01   0.18014E+01   0.13422E+01
   0.54600E+03   0.17504E+00   0.16060E+01   0.13157E-01   0.17942E+01   0.13395E+01
   0.54700E+03   0.17405E+00   0.15997E+01   0.13051E-01   0.17868E+01   0.13367E+01
   0.54800E+03   0.17307E+00   0.15933E+01   0.12944E-01   0.17793E+01   0.13339E+01
   0.54900E+03   0.17208E+00   0.15868E+01   0.12836E-01   0.17718E+01   0.13311E+01
   0.55000E+03   0.17108E+00   0.15802E+01   0.12728E-01   0.17641E+01   0.13282E+01
   0.55100E+03   0.17009E+00   0.15735E+01   0.12618E-01   0.17563E+01   0.13252E+01
   0.55200E+03   0.16909E+00   0.15667E+01   0.12507E-01   0.17483E+01   0.13222E+01
   0.55300E+03   0.16809E+00   0.15598E+01   0.12396E-01   0.17403E+01   0.13192E+01
   0.55400E+03   0.16709E+00   0.15529E+01   0.12285E-01   0.17322E+01   0.13161E+01
   0.55500E+03   0.16609E+00   0.15458E+01   0.12172E-01   0.17240E+01   0.13130E+01
   0.55600E+03   0.16508E+00   0.15386E+01   0.12059E-01   0.17157E+01   0.13099E+01
   0.55700E+03   0.16407E+00   0.15314E+01   0.11946E-01   0.17074E+01   0.13067E+01
   0.55800E+03   0.16306E+00   0.15240E+01   0.11832E-01   0.16989E+01   0.13034E+01
   0.55900E+03   0.16204E+00   0.15166E+01   0.11719E-01   0.16904E+01   0.13001E+01
   0.56000E+03   0.16103E+00   0.15091E+01   0.11605E-01   0.16817E+01   0.12968E+01
   0.56100E+03   0.16001E+00   0.15015E+01   0.11491E-01   0.16730E+01   0.12934E+01
   0.56200E+03   0.15898E+00   0.14939E+01   0.11377E-01   0.16642E+01   0.12900E+01
   0.56300E+03   0.15796E+00   0.14861E+01   0.11264E-01   0.16553E+01   0.12866E+01
   0.56400E+03   0.15693E+00   0.14783E+01   0.11152E-01   0.16464E+01   0.12831E+01
   0.56500E+03   0.15591E+00   0.14704E+01   0.11040E-01   0.16374E+01   0.12796E+01
   0.56600E+03   0.15488E+00   0.14625E+01   0.10928E-01   0.16283E+01   0.12760E+01
   0.56700E+03   0.15385E+00   0.14545E+01   0.10818E-01   0.16191E+01   0.12725E+01
   0.56800E+03   0.15282E+00   0.14464E+01   0.10709E-01   0.16099E+01   0.12688E+01
   0.56900E+03   0.15179E+00   0.14382E+01   0.10600E-01   0.16006E+01   0.12651E+01
   0.57000E+03   0.15076E+00   0.14300E+01   0.10493E-01   0.15912E+01   0.12614E+01
   0.57100E+03   0.14973E+00   0.14217E+01   0.10387E-01   0.15818E+01   0.12577E+01
   0.57200E+03   0.14870E+00   0.14133E+01   0.10282E-01   0.15723E+01   0.12539E+01
   0.57300E+03   0.14767E+00   0.14049E+01   0.10178E-01   0.15628E+01   0.12501E+01
   0.57400E+03   0.14664E+00   0.13964E+01   0.10075E-01   0.15531E+01   0.12462E+01
   0.57500E+03   0.14561E+00   0.13879E+01   0.99740E-02   0.15435E+01   0.12424E+01
   0.57600E+03   0.14459E+00   0.13792E+01   0.98740E-02   0.15337E+01   0.12384E+01
   0.57700E+03   0.14357E+00   0.13706E+01   0.97751E-02   0.15239E+01   0.12345E+01
   0.57800E+03   0.14255E+00   0.13618E+01   0.96773E-02   0.15141E+01   0.12305E+01
   0.57900E+03   0.14154E+00   0.13531E+01   0.95806E-02   0.15042E+01   0.12264E+01
   0.58000E+03   0.14053E+00   0.13442E+01   0.94849E-02   0.14942E+01   0.12224E+01
   0.58100E+03   0.13953E+00   0.13353E+01   0.93900E-02   0.14842E+01   0.12183E+01
   0.58200E+03   0.13853E+00   0.13264E+01   0.92959E-02   0.14742E+01   0.12142E+01
   0.58300E+03   0.13753E+00   0.13174E+01   0.92025E-02   0.14641E+01   0.12100E+01
   0.58400E+03   0.13655E+00   0.13083E+01   0.91098E-02   0.14540E+01   0.12058E+01
   0.58500E+03   0.13556E+00   0.12992E+01   0.90178E-02   0.14438E+01   0.12016E+01
   0.58600E+03   0.13459E+00   0.12901E+01   0.89264E-02   0.14336E+01   0.11973E+01
   0.58700E+03   0.13361E+00   0.12809E+01   0.88355E-02   0.14234E+01   0.11931E+01
   0.58800E+03   0.13265E+00   0.12717E+01   0.87450E-02   0.14131E+01   0.11887E+01
   0.58900E+03   0.13169E+00   0.12625E+01   0.86551E-02   0.14028E+01   0.11844E+01
   0.59000E+03   0.13074E+00   0.12532E+01   0.85655E-02   0.13925E+01   0.11800E+01
   0.59100E+03   0.12979E+00   0.12439E+01   0.84764E-02   0.13821E+01   0.11756E+01
   0.59200E+03   0.12885E+00   0.12345E+01   0.83878E-02   0.13717E+01   0.11712E+01
   0.59300E+03   0.12791E+00   0.12251E+01   0.82997E-02   0.13613E+01   0.11668E+01
   0.59400E+03   0.12698E+00   0.12157E+01   0.82123E-02   0.13509E+01   0.11623E+01
   0.59500E+03   0.12606E+00   0.12063E+01   0.81257E-02   0.13405E+01   0.11578E+01
   0.59600E+03   0.12514E+00   0.11968E+01   0.80402E-02   0.13300E+01   0.11533E+01
   0.59700E+03   0.12423E+00   0.11873E+01   0.79558E-02   0.13195E+01   0.11487E+01
   0.59800E+03   0.12333E+00   0.11778E+01   0.78727E-02   0.13090E+01   0.11441E+01
   0.59900E+03   0.12244E+00   0.11682E+01   0.77912E-02   0.12984E+01   0.11395E+01
   0.60000E+03   0.12155E+00   0.11586E+01   0.77115E-02   0.12879E+01   0.11349E+01
   0.60100E+03   0.12068E+00   0.11490E+01   0.76336E-02   0.12773E+01   0.11302E+01
   0.60200E+03   0.11981E+00   0.11393E+01   0.75578E-02   0.12667E+01   0.11255E+01
   0.60300E+03   0.11896E+00   0.11297E+01   0.74843E-02   0.12561E+01   0.11208E+01
   0.60400E+03   0.11811E+00   0.11199E+01   0.74131E-02   0.12455E+01   0.11160E+01
   0.60500E+03   0.11728E+00   0.11102E+01   0.73443E-02   0.12348E+01   0.11112E+01
   0.60600E+03   0.11646E+00   0.11004E+01   0.72781E-02   0.12241E+01   0.11064E+01
   0.60700E+03   0.11565E+00   0.10906E+01   0.72144E-02   0.12134E+01   0.11016E+01
   0.60800E+03   0.11486E+00   0.10807E+01   0.71534E-02   0.12027E+01   0.10967E+01
   0.60900E+03   0.11409E+00   0.10708E+01   0.70950E-02   0.11920E+01   0.10918E+01
   0.61000E+03   0.11333E+00   0.10608E+01   0.70391E-02   0.11812E+01   0.10868E+01
   0.61100E+03   0.11259E+00   0.10508E+01   0.69859E-02   0.11704E+01   0.10819E+01
   0.61200E+03   0.11186E+00   0.10408E+01   0.69352E-02   0.11596E+01   0.10768E+01
   0.61300E+03   0.11116E+00   0.10307E+01   0.68869E-02   0.11488E+01   0.10718E+01
   0.61400E+03   0.11048E+00   0.10206E+01   0.68409E-02   0.11379E+01   0.10667E+01
   0.61500E+03   0.10982E+00   0.10104E+01   0.67971E-02   0.11270E+01   0.10616E+01
   0.61600E+03   0.10918E+00   0.10002E+01   0.67553E-02   0.11161E+01   0.10565E+01
   0.61700E+03   0.10857E+00   0.98989E+00   0.67155E-02   0.11052E+01   0.10513E+01
   0.61800E+03   0.10798E+00   0.97957E+00   0.66775E-02   0.10942E+01   0.10461E+01
   0.61900E+03   0.10742E+00   0.96920E+00   0.66412E-02   0.10833E+01   0.10408E+01
   0.62000E+03   0.10688E+00   0.95878E+00   0.66065E-02   0.10723E+01   0.10355E+01
   0.62100E+03   0.10638E+00   0.94832E+00   0.65733E-02   0.10613E+01   0.10302E+01
   0.62200E+03   0.10591E+00   0.93780E+00   0.65414E-02   0.10503E+01   0.10248E+01
   0.62300E+03   0.10546E+00   0.92724E+00   0.65107E-02   0.10392E+01   0.10194E+01
   0.62400E+03   0.10505E+00   0.91664E+00   0.64808E-02   0.10282E+01   0.10140E+01
   0.62500E+03   0.10467E+00   0.90598E+00   0.64518E-02   0.10171E+01   0.10085E+01
   0.62600E+03   0.10432E+00   0.89528E+00   0.64231E-02   0.10060E+01   0.10030E+01
   0.62700E+03   0.10399E+00   0.88454E+00   0.63947E-02   0.99493E+00   0.99746E+00
   0.62800E+03   0.10370E+00   0.87375E+00   0.63662E-02   0.98382E+00   0.99188E+00
   0.62900E+03   0.10344E+00   0.86291E+00   0.63374E-02   0.97269E+00   0.98625E+00
   0.63000E+03   0.10321E+00   0.85202E+00   0.63080E-02   0.96154E+00   0.98058E+00
   0.63100E+03   0.10300E+00   0.84109E+00   0.62779E-02   0.95037E+00   0.97487E+00
   0.63200E+03   0.10283E+00   0.83011E+00   0.62468E-02   0.93919E+00   0.96912E+00
   0.63300E+03   0.10267E+00   0.81908E+00   0.62146E-02   0.92797E+00   0.96331E+00
   0.63400E+03   0.10255E+00   0.80800E+00   0.61810E-02   0.91673E+00   0.95746E+00
   0.63500E+03   0.10245E+00   0.79687E+00   0.61460E-02   0.90547E+00   0.95156E+00
   0.63600E+03   0.10237E+00   0.78569E+00   0.61094E-02   0.89417E+00   0.94561E+00
   0.63700E+03   0.10231E+00   0.77446E+00   0.60711E-02   0.88284E+00   0.93960E+00
   0.63800E+03   0.10228E+00   0.76317E+00   0.60311E-02   0.87148E+00   0.93353E+00
   0.63900E+03   0.10227E+00   0.75183E+00   0.59893E-02   0.86008E+00   0.92741E+00
   0.64000E+03   0.10227E+00   0.74043E+00   0.59457E-02   0.84864E+00   0.92122E+00
   0.64100E+03   0.10230E+00   0.72897E+00   0.59002E-02   0.83717E+00   0.91497E+00
   0.64200E+03   0.10234E+00   0.71745E+00   0.58529E-02   0.82564E+00   0.90865E+00
   0.64300E+03   0.10240E+00   0.70588E+00   0.58040E-02   0.81408E+00   0.90226E+00
   0.64400E+03   0.10248E+00   0.69425E+00   0.57540E-02   0.80248E+00   0.89581E+00
   0.64500E+03   0.10256E+00   0.68257E+00   0.57031E-02   0.79083E+00   0.88929E+00
   0.64600E+03   0.10267E+00   0.67083E+00   0.56517E-02   0.77915E+00   0.88270E+00
   0.64700E+03   0.10278E+00   0.65906E+00   0.56003E-02   0.76744E+00   0.87604E+00
   0.64800E+03   0.10290E+00   0.64724E+00   0.55492E-02   0.75569E+00   0.86931E+00
   0.64900E+03   0.10303E+00   0.63538E+00   0.54989E-02   0.74392E+00   0.86251E+00
   0.65000E+03   0.10317E+00   0.62349E+00   0.54499E-02   0.73211E+00   0.85564E+00
   0.65100E+03   0.10332E+00   0.61157E+00   0.54024E-02   0.72029E+00   0.84870E+00
   0.65200E+03   0.10346E+00   0.59963E+00   0.53571E-02   0.70845E+00   0.84170E+00
   0.65300E+03   0.10361E+00   0.58768E+00   0.53142E-02   0.69660E+00   0.83463E+00
   0.65400E+03   0.10376E+00   0.57571E+00   0.52743E-02   0.68475E+00   0.82750E+00
   0.65500E+03   0.10391E+00   0.56375E+00   0.52377E-02   0.67290E+00   0.82030E+00
   0.65600E+03   0.10406E+00   0.55180E+00   0.52045E-02   0.66106E+00   0.81306E+00
   0.65700E+03   0.10420E+00   0.53988E+00   0.51750E-02   0.64925E+00   0.80576E+00
   0.65800E+03   0.10434E+00   0.52799E+00   0.51495E-02   0.63747E+00   0.79842E+00
   0.65900E+03   0.10447E+00   0.51614E+00   0.51281E-02   0.62574E+00   0.79104E+00
   0.66000E+03   0.10460E+00   0.50435E+00   0.51109E-02   0.61406E+00   0.78362E+00
   0.66100E+03   0.10472E+00   0.49264E+00   0.50979E-02   0.60246E+00   0.77618E+00
   0.66200E+03   0.10484E+00   0.48100E+00   0.50892E-02   0.59093E+00   0.76872E+00
   0.66300E+03   0.10495E+00   0.46946E+00   0.50849E-02   0.57950E+00   0.76125E+00
   0.66400E+03   0.10506E+00   0.45803E+00   0.50849E-02   0.56817E+00   0.75377E+00
   0.66500E+03   0.10516E+00   0.44671E+00   0.50892E-02   0.55696E+00   0.74630E+00
   0.66600E+03   0.10525E+00   0.43552E+00   0.50975E-02   0.54587E+00   0.73883E+00
   0.66700E+03   0.10534E+00   0.42447E+00   0.51099E-02   0.53493E+00   0.73139E+00
   0.66800E+03   0.10542E+00   0.41358E+00   0.51260E-02   0.52412E+00   0.72396E+00
   0.66900E+03   0.10550E+00   0.40284E+00   0.51459E-02   0.51348E+00   0.71657E+00
   0.67000E+03   0.10556E+00   0.39226E+00   0.51692E-02   0.50300E+00   0.70922E+00
   0.67100E+03   0.10562E+00   0.38187E+00   0.51959E-02   0.49268E+00   0.70191E+00
   0.67200E+03   0.10567E+00   0.37165E+00   0.52257E-02   0.48255E+00   0.69465E+00
   0.67300E+03   0.10570E+00   0.36162E+00   0.52583E-02   0.47259E+00   0.68745E+00
   0.67400E+03   0.10573E+00   0.35179E+00   0.52936E-02   0.46281E+00   0.68030E+00
   0.67500E+03   0.10575E+00   0.34214E+00   0.53313E-02   0.45323E+00   0.67322E+00
   0.67600E+03   0.10576E+00   0.33270E+00   0.53713E-02   0.44383E+00   0.66621E+00
   0.67700E+03   0.10576E+00   0.32345E+00   0.54132E-02   0.43462E+00   0.65926E+00
   0.67800E+03   0.10576E+00   0.31439E+00   0.54568E-02   0.42561E+00   0.65239E+00
   0.67900E+03   0.10575E+00   0.30553E+00   0.55019E-02   0.41678E+00   0.64558E+00
   0.68000E+03   0.10573E+00   0.29686E+00   0.55484E-02   0.40814E+00   0.63886E+00
   0.68100E+03   0.10571E+00   0.28838E+00   0.55960E-02   0.39969E+00   0.63221E+00
   0.68200E+03   0.10570E+00   0.28009E+00   0.56445E-02   0.39143E+00   0.62565E+00
   0.68300E+03   0.10568E+00   0.27199E+00   0.56939E-02   0.38336E+00   0.61916E+00
   0.68400E+03   0.10567E+00   0.26407E+00   0.57439E-02   0.37548E+00   0.61276E+00
   0.68500E+03   0.10566E+00   0.25633E+00   0.57944E-02   0.36778E+00   0.60645E+00
   0.68600E+03   0.10566E+00   0.24876E+00   0.58452E-02   0.36027E+00   0.60022E+00
   0.68700E+03   0.10567E+00   0.24136E+00   0.58963E-02   0.35293E+00   0.59408E+00
   0.68800E+03   0.10570E+00   0.23413E+00   0.59474E-02   0.34577E+00   0.58803E+00
   0.68900E+03   0.10573E+00   0.22706E+00   0.59986E-02   0.33879E+00   0.58206E+00
   0.69000E+03   0.10578E+00   0.22016E+00   0.60497E-02   0.33199E+00   0.57619E+00
   0.69100E+03   0.10585E+00   0.21340E+00   0.61007E-02   0.32536E+00   0.57040E+00
   0.69200E+03   0.10594E+00   0.20680E+00   0.61514E-02   0.31889E+00   0.56471E+00
   0.69300E+03   0.10605E+00   0.20035E+00   0.62020E-02   0.31260E+00   0.55911E+00
   0.69400E+03   0.10618E+00   0.19404E+00   0.62522E-02   0.30647E+00   0.55360E+00
   0.69500E+03   0.10633E+00   0.18787E+00   0.63020E-02   0.30050E+00   0.54818E+00
   0.69600E+03   0.10650E+00   0.18184E+00   0.63514E-02   0.29469E+00   0.54286E+00
   0.69700E+03   0.10670E+00   0.17594E+00   0.64004E-02   0.28904E+00   0.53763E+00
   0.69800E+03   0.10692E+00   0.17018E+00   0.64489E-02   0.28355E+00   0.53249E+00
   0.69900E+03   0.10717E+00   0.16454E+00   0.64969E-02   0.27820E+00   0.52745E+00
   0.70000E+03   0.10744E+00   0.15903E+00   0.65444E-02   0.27301E+00   0.52251E+00
   0.70100E+03   0.10773E+00   0.15365E+00   0.65914E-02   0.26797E+00   0.51766E+00
   0.70200E+03   0.10805E+00   0.14839E+00   0.66379E-02   0.26307E+00   0.51291E+00
   0.70300E+03   0.10839E+00   0.14325E+00   0.66839E-02   0.25832E+00   0.50825E+00
   0.70400E+03   0.10875E+00   0.13822E+00   0.67295E-02   0.25371E+00   0.50369E+00
   0.70500E+03   0.10914E+00   0.13332E+00   0.67745E-02   0.24923E+00   0.49923E+00
   0.70600E+03   0.10955E+00   0.12853E+00   0.68191E-02   0.24490E+00   0.49487E+00
   0.70700E+03   0.10998E+00   0.12386E+00   0.68631E-02   0.24070E+00   0.49062E+00
   0.70800E+03   0.11042E+00   0.11931E+00   0.69066E-02   0.23664E+00   0.48646E+00
   0.70900E+03   0.11089E+00   0.11488E+00   0.69495E-02   0.23272E+00   0.48241E+00
   0.71000E+03   0.11136E+00   0.11057E+00   0.69919E-02   0.22893E+00   0.47846E+00
   0.71100E+03   0.11185E+00   0.10638E+00   0.70337E-02   0.22527E+00   0.47462E+00
   0.71200E+03   0.11236E+00   0.10231E+00   0.70749E-02   0.22174E+00   0.47090E+00
   0.71300E+03   0.11287E+00   0.98362E-01   0.71156E-02   0.21835E+00   0.46728E+00
   0.71400E+03   0.11340E+00   0.94535E-01   0.71557E-02   0.21509E+00   0.46378E+00
   0.71500E+03   0.11393E+00   0.90830E-01   0.71952E-02   0.21195E+00   0.46039E+00
   0.71600E+03   0.11447E+00   0.87249E-01   0.72340E-02   0.20895E+00   0.45711E+00
   0.71700E+03   0.11501E+00   0.83794E-01   0.72721E-02   0.20608E+00   0.45396E+00
   0.71800E+03   0.11556E+00   0.80462E-01   0.73095E-02   0.20333E+00   0.45093E+00
   0.71900E+03   0.11611E+00   0.77255E-01   0.73462E-02   0.20072E+00   0.44801E+00
   0.72000E+03   0.11667E+00   0.74171E-01   0.73821E-02   0.19822E+00   0.44522E+00
   0.72100E+03   0.11723E+00   0.71211E-01   0.74172E-02   0.19585E+00   0.44255E+00
   0.72200E+03   0.11778E+00   0.68372E-01   0.74515E-02   0.19361E+00   0.44001E+00
   0.72300E+03   0.11834E+00   0.65655E-01   0.74848E-02   0.19148E+00   0.43758E+00
   0.72400E+03   0.11890E+00   0.63057E-01   0.75172E-02   0.18947E+00   0.43528E+00
   0.72500E+03   0.11945E+00   0.60577E-01   0.75487E-02   0.18758E+00   0.43310E+00
   0.72600E+03   0.12000E+00   0.58216E-01   0.75790E-02   0.18580E+00   0.43104E+00
   0.72700E+03   0.12055E+00   0.55970E-01   0.76083E-02   0.18412E+00   0.42910E+00
   0.72800E+03   0.12108E+00   0.53839E-01   0.76363E-02   0.18256E+00   0.42727E+00
   0.72900E+03   0.12162E+00   0.51818E-01   0.76632E-02   0.18110E+00   0.42556E+00
   0.73000E+03   0.12214E+00   0.49904E-01   0.76889E-02   0.17974E+00   0.42395E+00
   0.73100E+03   0.12266E+00   0.48098E-01   0.77132E-02   0.17847E+00   0.42246E+00
   0.73200E+03   0.12316E+00   0.46398E-01   0.77363E-02   0.17729E+00   0.42106E+00
   0.73300E+03   0.12365E+00   0.44802E-01   0.77579E-02   0.17621E+00   0.41978E+00
   0.73400E+03   0.12413E+00   0.43310E-01   0.77782E-02   0.17522E+00   0.41859E+00
   0.73500E+03   0.12459E+00   0.41919E-01   0.77971E-02   0.17431E+00   0.41750E+00
   0.73600E+03   0.12504E+00   0.40628E-01   0.78146E-02   0.17348E+00   0.41651E+00
   0.73700E+03   0.12547E+00   0.39436E-01   0.78307E-02   0.17274E+00   0.41561E+00
   0.73800E+03   0.12588E+00   0.38341E-01   0.78454E-02   0.17207E+00   0.41481E+00
   0.73900E+03   0.12628E+00   0.37344E-01   0.78587E-02   0.17148E+00   0.41411E+00
   0.74000E+03   0.12666E+00   0.36441E-01   0.78708E-02   0.17097E+00   0.41349E+00
   0.74100E+03   0.12703E+00   0.35632E-01   0.78818E-02   0.17054E+00   0.41297E+00
   0.74200E+03   0.12737E+00   0.34916E-01   0.78917E-02   0.17018E+00   0.41253E+00
   0.74300E+03   0.12770E+00   0.34292E-01   0.79007E-02   0.16990E+00   0.41219E+00
   0.74400E+03   0.12802E+00   0.33757E-01   0.79089E-02   0.16969E+00   0.41193E+00
   0.74500E+03   0.12832E+00   0.33311E-01   0.79165E-02   0.16955E+00   0.41176E+00
   0.74600E+03   0.12861E+00   0.32951E-01   0.79238E-02   0.16948E+00   0.41168E+00
   0.74700E+03   0.12888E+00   0.32676E-01   0.79310E-02   0.16949E+00   0.41169E+00
   0.74800E+03   0.12915E+00   0.32482E-01   0.79384E-02   0.16957E+00   0.41179E+00
   0.74900E+03   0.12940E+00   0.32367E-01   0.79463E-02   0.16972E+00   0.41197E+00
   0.75000E+03   0.12965E+00   0.32327E-01   0.79551E-02   0.16993E+00   0.41223E+00
   0.75100E+03   0.12989E+00   0.32359E-01   0.79651E-02   0.17022E+00   0.41257E+00
   0.75200E+03   0.13013E+00   0.32457E-01   0.79768E-02   0.17056E+00   0.41300E+00
   0.75300E+03   0.13037E+00   0.32617E-01   0.79905E-02   0.17097E+00   0.41349E+00
   0.75400E+03   0.13060E+00   0.32834E-01   0.80067E-02   0.17144E+00   0.41406E+00
   0.75500E+03   0.13084E+00   0.33101E-01   0.80258E-02   0.17196E+00   0.41469E+00
   0.75600E+03   0.13108E+00   0.33414E-01   0.80480E-02   0.17254E+00   0.41538E+00
   0.75700E+03   0.13132E+00   0.33764E-01   0.80738E-02   0.17316E+00   0.41612E+00
   0.75800E+03   0.13157E+00   0.34146E-01   0.81033E-02   0.17382E+00   0.41692E+00
   0.75900E+03   0.13183E+00   0.34553E-01   0.81367E-02   0.17452E+00   0.41776E+00
   0.76000E+03   0.13210E+00   0.34976E-01   0.81739E-02   0.17525E+00   0.41863E+00
   0.76100E+03   0.13239E+00   0.35410E-01   0.82149E-02   0.17601E+00   0.41954E+00
   0.76200E+03   0.13268E+00   0.35847E-01   0.82596E-02   0.17679E+00   0.42046E+00
   0.76300E+03   0.13299E+00   0.36280E-01   0.83077E-02   0.17758E+00   0.42141E+00
   0.76400E+03   0.13332E+00   0.36702E-01   0.83587E-02   0.17838E+00   0.42236E+00
   0.76500E+03   0.13367E+00   0.37109E-01   0.84123E-02   0.17919E+00   0.42331E+00
   0.76600E+03   0.13404E+00   0.37493E-01   0.84680E-02   0.18000E+00   0.42426E+00
   0.76700E+03   0.13442E+00   0.37851E-01   0.85250E-02   0.18080E+00   0.42520E+00
   0.76800E+03   0.13483E+00   0.38179E-01   0.85827E-02   0.18159E+00   0.42613E+00
   0.76900E+03   0.13526E+00   0.38474E-01   0.86405E-02   0.18237E+00   0.42705E+00
   0.77000E+03   0.13571E+00   0.38735E-01   0.86977E-02   0.18314E+00   0.42795E+00
   0.77100E+03   0.13619E+00   0.38961E-01   0.87535E-02   0.18390E+00   0.42884E+00
   0.77200E+03   0.13669E+00   0.39153E-01   0.88072E-02   0.18465E+00   0.42971E+00
   0.77300E+03   0.13722E+00   0.39313E-01   0.88583E-02   0.18539E+00   0.43057E+00
   0.77400E+03   0.13777E+00   0.39444E-01   0.89061E-02   0.18612E+00   0.43141E+00
   0.77500E+03   0.13835E+00   0.39550E-01   0.89501E-02   0.18685E+00   0.43226E+00
   0.77600E+03   0.13895E+00   0.39635E-01   0.89899E-02   0.18757E+00   0.43310E+00
   0.77700E+03   0.13958E+00   0.39704E-01   0.90250E-02   0.18831E+00   0.43395E+00
   0.77800E+03   0.14024E+00   0.39762E-01   0.90553E-02   0.18905E+00   0.43480E+00
   0.77900E+03   0.14092E+00   0.39814E-01   0.90807E-02   0.18981E+00   0.43568E+00
   0.78000E+03   0.14163E+00   0.39863E-01   0.91011E-02   0.19060E+00   0.43657E+00
   0.78100E+03   0.14237E+00   0.39914E-01   0.91166E-02   0.19140E+00   0.43749E+00
   0.78200E+03   0.14314E+00   0.39970E-01   0.91276E-02   0.19224E+00   0.43845E+00
   0.78300E+03   0.14394E+00   0.40033E-01   0.91344E-02   0.19310E+00   0.43943E+00
   0.78400E+03   0.14476E+00   0.40104E-01   0.91374E-02   0.19400E+00   0.44046E+00
   0.78500E+03   0.14562E+00   0.40186E-01   0.91373E-02   0.19494E+00   0.44153E+00
   0.78600E+03   0.14651E+00   0.40280E-01   0.91345E-02   0.19593E+00   0.44263E+00
   0.78700E+03   0.14743E+00   0.40384E-01   0.91298E-02   0.19695E+00   0.44379E+00
   0.78800E+03   0.14839E+00   0.40501E-01   0.91237E-02   0.19802E+00   0.44499E+00
   0.78900E+03   0.14938E+00   0.40629E-01   0.91169E-02   0.19913E+00   0.44624E+00
   0.79000E+03   0.15041E+00   0.40769E-01   0.91097E-02   0.20029E+00   0.44753E+00
   0.79100E+03   0.15147E+00   0.40919E-01   0.91028E-02   0.20149E+00   0.44888E+00
   0.79200E+03   0.15257E+00   0.41079E-01   0.90962E-02   0.20275E+00   0.45027E+00
   0.79300E+03   0.15371E+00   0.41247E-01   0.90903E-02   0.20405E+00   0.45171E+00
   0.79400E+03   0.15488E+00   0.41424E-01   0.90851E-02   0.20539E+00   0.45320E+00
   0.79500E+03   0.15610E+00   0.41608E-01   0.90804E-02   0.20679E+00   0.45474E+00
   0.79600E+03   0.15735E+00   0.41800E-01   0.90763E-02   0.20823E+00   0.45632E+00
   0.79700E+03   0.15865E+00   0.41997E-01   0.90724E-02   0.20972E+00   0.45795E+00
   0.79800E+03   0.15998E+00   0.42201E-01   0.90685E-02   0.21125E+00   0.45962E+00
   0.79900E+03   0.16135E+00   0.42410E-01   0.90641E-02   0.21283E+00   0.46133E+00
   0.80000E+03   0.16276E+00   0.42626E-01   0.90588E-02   0.21445E+00   0.46308E+00
   0.80100E+03   0.16421E+00   0.42848E-01   0.90523E-02   0.21611E+00   0.46488E+00
   0.80200E+03   0.16570E+00   0.43076E-01   0.90439E-02   0.21782E+00   0.46671E+00
   0.80300E+03   0.16723E+00   0.43310E-01   0.90333E-02   0.21957E+00   0.46858E+00
   0.80400E+03   0.16879E+00   0.43552E-01   0.90201E-02   0.22136E+00   0.47049E+00
   0.80500E+03   0.17038E+00   0.43800E-01   0.90037E-02   0.22319E+00   0.47243E+00
   0.80600E+03   0.17202E+00   0.44057E-01   0.89839E-02   0.22506E+00   0.47440E+00
   0.80700E+03   0.17368E+00   0.44322E-01   0.89602E-02   0.22696E+00   0.47641E+00
   0.80800E+03   0.17538E+00   0.44595E-01   0.89324E-02   0.22891E+00   0.47844E+00
   0.80900E+03   0.17711E+00   0.44879E-01   0.89003E-02   0.23088E+00   0.48050E+00
   0.81000E+03   0.17886E+00   0.45172E-01   0.88637E-02   0.23290E+00   0.48260E+00
   0.81100E+03   0.18065E+00   0.45477E-01   0.88225E-02   0.23495E+00   0.48471E+00
   0.81200E+03   0.18246E+00   0.45792E-01   0.87768E-02   0.23703E+00   0.48686E+00
   0.81300E+03   0.18430E+00   0.46119E-01   0.87266E-02   0.23915E+00   0.48903E+00
   0.81400E+03   0.18617E+00   0.46458E-01   0.86723E-02   0.24130E+00   0.49122E+00
   0.81500E+03   0.18805E+00   0.46808E-01   0.86142E-02   0.24348E+00   0.49343E+00
   0.81600E+03   0.18997E+00   0.47170E-01   0.85527E-02   0.24569E+00   0.49567E+00
   0.81700E+03   0.19190E+00   0.47544E-01   0.84884E-02   0.24793E+00   0.49793E+00
   0.81800E+03   0.19386E+00   0.47929E-01   0.84221E-02   0.25021E+00   0.50021E+00
   0.81900E+03   0.19583E+00   0.48324E-01   0.83544E-02   0.25251E+00   0.50251E+00
   0.82000E+03   0.19783E+00   0.48731E-01   0.82864E-02   0.25485E+00   0.50483E+00
   0.82100E+03   0.19985E+00   0.49148E-01   0.82190E-02   0.25721E+00   0.50716E+00
   0.82200E+03   0.20188E+00   0.49574E-01   0.81533E-02   0.25961E+00   0.50952E+00
   0.82300E+03   0.20394E+00   0.50011E-01   0.80900E-02   0.26204E+00   0.51190E+00
   0.82400E+03   0.20601E+00   0.50456E-01   0.80304E-02   0.26450E+00   0.51430E+00
   0.82500E+03   0.20810E+00   0.50910E-01   0.79753E-02   0.26699E+00   0.51671E+00
   0.82600E+03   0.21021E+00   0.51372E-01   0.79258E-02   0.26951E+00   0.51914E+00
   0.82700E+03   0.21234E+00   0.51841E-01   0.78828E-02   0.27206E+00   0.52159E+00
   0.82800E+03   0.21448E+00   0.52318E-01   0.78473E-02   0.27464E+00   0.52406E+00
   0.82900E+03   0.21663E+00   0.52801E-01   0.78201E-02   0.27725E+00   0.52655E+00
   0.83000E+03   0.21880E+00   0.53292E-01   0.78019E-02   0.27989E+00   0.52905E+00
   0.83100E+03   0.22098E+00   0.53789E-01   0.77933E-02   0.28256E+00   0.53156E+00
   0.83200E+03   0.22317E+00   0.54292E-01   0.77948E-02   0.28526E+00   0.53409E+00
   0.83300E+03   0.22537E+00   0.54801E-01   0.78065E-02   0.28798E+00   0.53664E+00
   0.83400E+03   0.22758E+00   0.55316E-01   0.78285E-02   0.29072E+00   0.53919E+00
   0.83500E+03   0.22979E+00   0.55836E-01   0.78610E-02   0.29348E+00   0.54174E+00
   0.83600E+03   0.23200E+00   0.56359E-01   0.79038E-02   0.29626E+00   0.54430E+00
   0.83700E+03   0.23421E+00   0.56886E-01   0.79566E-02   0.29906E+00   0.54686E+00
   0.83800E+03   0.23642E+00   0.57414E-01   0.80189E-02   0.30186E+00   0.54941E+00
   0.83900E+03   0.23863E+00   0.57944E-01   0.80904E-02   0.30466E+00   0.55196E+00
   0.84000E+03   0.24082E+00   0.58474E-01   0.81703E-02   0.30747E+00   0.55450E+00
   0.84100E+03   0.24301E+00   0.59003E-01   0.82580E-02   0.31027E+00   0.55702E+00
   0.84200E+03   0.24518E+00   0.59531E-01   0.83527E-02   0.31307E+00   0.55952E+00
   0.84300E+03   0.24734E+00   0.60057E-01   0.84537E-02   0.31585E+00   0.56200E+00
   0.84400E+03   0.24947E+00   0.60579E-01   0.85602E-02   0.31861E+00   0.56446E+00
   0.84500E+03   0.25159E+00   0.61097E-01   0.86716E-02   0.32136E+00   0.56688E+00
   0.84600E+03   0.25367E+00   0.61609E-01   0.87873E-02   0.32407E+00   0.56927E+00
   0.84700E+03   0.25573E+00   0.62114E-01   0.89067E-02   0.32675E+00   0.57162E+00
   0.84800E+03   0.25775E+00   0.62610E-01   0.90295E-02   0.32939E+00   0.57393E+00
   0.84900E+03   0.25974E+00   0.63096E-01   0.91553E-02   0.33199E+00   0.57618E+00
   0.85000E+03   0.26168E+00   0.63569E-01   0.92839E-02   0.33453E+00   0.57839E+00
   0.85100E+03   0.26358E+00   0.64028E-01   0.94154E-02   0.33702E+00   0.58053E+00
   0.85200E+03   0.26542E+00   0.64471E-01   0.95497E-02   0.33944E+00   0.58262E+00
   0.85300E+03   0.26721E+00   0.64896E-01   0.96870E-02   0.34179E+00   0.58463E+00
   0.85400E+03   0.26894E+00   0.65300E-01   0.98275E-02   0.34406E+00   0.58657E+00
   0.85500E+03   0.27060E+00   0.65682E-01   0.99715E-02   0.34625E+00   0.58843E+00
   0.85600E+03   0.27218E+00   0.66037E-01   0.10119E-01   0.34834E+00   0.59020E+00
   0.85700E+03   0.27370E+00   0.66362E-01   0.10271E-01   0.35033E+00   0.59189E+00
   0.85800E+03   0.27512E+00   0.66656E-01   0.10428E-01   0.35221E+00   0.59347E+00
   0.85900E+03   0.27646E+00   0.66912E-01   0.10589E-01   0.35397E+00   0.59495E+00
   0.86000E+03   0.27771E+00   0.67129E-01   0.10756E-01   0.35559E+00   0.59632E+00
   0.86100E+03   0.27886E+00   0.67302E-01   0.10928E-01   0.35709E+00   0.59757E+00
   0.86200E+03   0.27990E+00   0.67427E-01   0.11106E-01   0.35843E+00   0.59869E+00
   0.86300E+03   0.28083E+00   0.67501E-01   0.11290E-01   0.35962E+00   0.59969E+00
   0.86400E+03   0.28165E+00   0.67520E-01   0.11481E-01   0.36065E+00   0.60054E+00
   0.86500E+03   0.28234E+00   0.67481E-01   0.11679E-01   0.36150E+00   0.60125E+00
   0.86600E+03   0.28291E+00   0.67378E-01   0.11883E-01   0.36217E+00   0.60180E+00
   0.86700E+03   0.28334E+00   0.67209E-01   0.12096E-01   0.36264E+00   0.60220E+00
   0.86800E+03   0.28363E+00   0.66969E-01   0.12316E-01   0.36292E+00   0.60243E+00
   0.86900E+03   0.28378E+00   0.66654E-01   0.12543E-01   0.36298E+00   0.60248E+00
   0.87000E+03   0.28378E+00   0.66263E-01   0.12779E-01   0.36282E+00   0.60235E+00
   0.87100E+03   0.28362E+00   0.65791E-01   0.13023E-01   0.36243E+00   0.60202E+00
   0.87200E+03   0.28330E+00   0.65236E-01   0.13275E-01   0.36181E+00   0.60150E+00
   0.87300E+03   0.28281E+00   0.64598E-01   0.13536E-01   0.36094E+00   0.60078E+00
   0.87400E+03   0.28214E+00   0.63877E-01   0.13805E-01   0.35982E+00   0.59985E+00
   0.87500E+03   0.28130E+00   0.63073E-01   0.14082E-01   0.35845E+00   0.59871E+00
   0.87600E+03   0.28027E+00   0.62189E-01   0.14367E-01   0.35683E+00   0.59735E+00
   0.87700E+03   0.27907E+00   0.61225E-01   0.14660E-01   0.35495E+00   0.59578E+00
   0.87800E+03   0.27767E+00   0.60186E-01   0.14960E-01   0.35282E+00   0.59399E+00
   0.87900E+03   0.27609E+00   0.59076E-01   0.15266E-01   0.35043E+00   0.59197E+00
   0.88000E+03   0.27433E+00   0.57899E-01   0.15577E-01   0.34780E+00   0.58975E+00
   0.88100E+03   0.27238E+00   0.56663E-01   0.15893E-01   0.34493E+00   0.58731E+00
   0.88200E+03   0.27025E+00   0.55374E-01   0.16211E-01   0.34183E+00   0.58467E+00
   0.88300E+03   0.26794E+00   0.54038E-01   0.16531E-01   0.33851E+00   0.58182E+00
   0.88400E+03   0.26547E+00   0.52663E-01   0.16849E-01   0.33498E+00   0.57878E+00
   0.88500E+03   0.26284E+00   0.51259E-01   0.17164E-01   0.33126E+00   0.57555E+00
   0.88600E+03   0.26005E+00   0.49833E-01   0.17473E-01   0.32736E+00   0.57215E+00
   0.88700E+03   0.25713E+00   0.48396E-01   0.17773E-01   0.32330E+00   0.56859E+00
   0.88800E+03   0.25408E+00   0.46956E-01   0.18061E-01   0.31910E+00   0.56489E+00
   0.88900E+03   0.25092E+00   0.45522E-01   0.18333E-01   0.31478E+00   0.56105E+00
   0.89000E+03   0.24767E+00   0.44103E-01   0.18585E-01   0.31036E+00   0.55710E+00
   0.89100E+03   0.24433E+00   0.42705E-01   0.18814E-01   0.30585E+00   0.55304E+00
   0.89200E+03   0.24093E+00   0.41337E-01   0.19014E-01   0.30128E+00   0.54889E+00
   0.89300E+03   0.23747E+00   0.40002E-01   0.19185E-01   0.29665E+00   0.54466E+00
   0.89400E+03   0.23397E+00   0.38707E-01   0.19321E-01   0.29199E+00   0.54036E+00
   0.89500E+03   0.23044E+00   0.37457E-01   0.19418E-01   0.28731E+00   0.53602E+00
   0.89600E+03   0.22689E+00   0.36254E-01   0.19474E-01   0.28262E+00   0.53162E+00
   0.89700E+03   0.22335E+00   0.35102E-01   0.19486E-01   0.27793E+00   0.52720E+00
   0.89800E+03   0.21981E+00   0.34004E-01   0.19449E-01   0.27326E+00   0.52274E+00
   0.89900E+03   0.21628E+00   0.32961E-01   0.19363E-01   0.26861E+00   0.51827E+00
   0.90000E+03   0.21278E+00   0.31975E-01   0.19224E-01   0.26398E+00   0.51379E+00
   0.90100E+03   0.20932E+00   0.31048E-01   0.19033E-01   0.25940E+00   0.50931E+00
   0.90200E+03   0.20589E+00   0.30179E-01   0.18789E-01   0.25486E+00   0.50483E+00
   0.90300E+03   0.20250E+00   0.29370E-01   0.18495E-01   0.25037E+00   0.50037E+00
   0.90400E+03   0.19916E+00   0.28622E-01   0.18152E-01   0.24594E+00   0.49592E+00
   0.90500E+03   0.19587E+00   0.27935E-01   0.17763E-01   0.24157E+00   0.49150E+00
   0.90600E+03   0.19264E+00   0.27309E-01   0.17331E-01   0.23728E+00   0.48711E+00
   0.90700E+03   0.18946E+00   0.26743E-01   0.16859E-01   0.23306E+00   0.48276E+00
   0.90800E+03   0.18633E+00   0.26237E-01   0.16352E-01   0.22892E+00   0.47846E+00
   0.90900E+03   0.18326E+00   0.25792E-01   0.15814E-01   0.22487E+00   0.47421E+00
   0.91000E+03   0.18025E+00   0.25408E-01   0.15252E-01   0.22091E+00   0.47001E+00
   0.91100E+03   0.17729E+00   0.25083E-01   0.14669E-01   0.21704E+00   0.46588E+00
   0.91200E+03   0.17438E+00   0.24817E-01   0.14071E-01   0.21327E+00   0.46181E+00
   0.91300E+03   0.17153E+00   0.24612E-01   0.13467E-01   0.20961E+00   0.45783E+00
   0.91400E+03   0.16874E+00   0.24467E-01   0.12861E-01   0.20607E+00   0.45395E+00
   0.91500E+03   0.16601E+00   0.24383E-01   0.12258E-01   0.20265E+00   0.45016E+00
   0.91600E+03   0.16333E+00   0.24359E-01   0.11665E-01   0.19935E+00   0.44649E+00
   0.91700E+03   0.16071E+00   0.24395E-01   0.11084E-01   0.19618E+00   0.44293E+00
   0.91800E+03   0.15814E+00   0.24491E-01   0.10521E-01   0.19315E+00   0.43949E+00
   0.91900E+03   0.15563E+00   0.24647E-01   0.99781E-02   0.19025E+00   0.43618E+00
   0.92000E+03   0.15317E+00   0.24863E-01   0.94589E-02   0.18750E+00   0.43301E+00
